[gd_scene load_steps=41 format=2]

[ext_resource path="res://Grass/Grass.tscn" type="PackedScene" id=1]
[ext_resource path="res://Player/Player.tscn" type="PackedScene" id=2]
[ext_resource path="res://Common/env_fancy_glowy_with_fog.tres" type="Environment" id=3]
[ext_resource path="res://Game.gd" type="Script" id=4]
[ext_resource path="res://Common/Fonts/font_bebas_60.tres" type="DynamicFont" id=5]
[ext_resource path="res://Props/CastleWallLong.tscn" type="PackedScene" id=6]
[ext_resource path="res://Props/CastleTower.tscn" type="PackedScene" id=7]
[ext_resource path="res://Props/CastleWallCorner.tscn" type="PackedScene" id=8]
[ext_resource path="res://Props/CastleWallShort.tscn" type="PackedScene" id=9]
[ext_resource path="res://Props/CastleExitGate.tscn" type="PackedScene" id=10]
[ext_resource path="res://Props/CastleWallStairs.tscn" type="PackedScene" id=11]
[ext_resource path="res://Props/TreeNoLeaves1.tscn" type="PackedScene" id=12]
[ext_resource path="res://Props/TreeThicc.tscn" type="PackedScene" id=13]
[ext_resource path="res://Props/TreeNoLeaves2.tscn" type="PackedScene" id=14]
[ext_resource path="res://Props/TreeLong.tscn" type="PackedScene" id=15]
[ext_resource path="res://Interactables/ReadableGrave1.tscn" type="PackedScene" id=16]
[ext_resource path="res://POIs/POIForestWarning.gd" type="Script" id=17]
[ext_resource path="res://Interactables/ReadableGrave2.tscn" type="PackedScene" id=18]
[ext_resource path="res://Props/FenceStraight.tscn" type="PackedScene" id=19]
[ext_resource path="res://Props/FenceCurve.tscn" type="PackedScene" id=20]
[ext_resource path="res://Props/FenceWithHole.tscn" type="PackedScene" id=21]
[ext_resource path="res://Props/FenceBentBack.tscn" type="PackedScene" id=22]
[ext_resource path="res://Interactables/DestructibleFrontGate.tscn" type="PackedScene" id=23]
[ext_resource path="res://Common/Audio/crow.ogg" type="AudioStream" id=24]
[ext_resource path="res://Common/Scripts/AmbientJukebox.gd" type="Script" id=25]
[ext_resource path="res://Interactables/HolyCrypt.tscn" type="PackedScene" id=26]
[ext_resource path="res://UI/DialogBox.tscn" type="PackedScene" id=27]
[ext_resource path="res://POIs/POIAreaGraveyard.gd" type="Script" id=28]
[ext_resource path="res://UI/InteractableOverlay.tscn" type="PackedScene" id=29]
[ext_resource path="res://Interactables/LaughingGrave.tscn" type="PackedScene" id=30]
[ext_resource path="res://UI/SuperhoverOverlay.tscn" type="PackedScene" id=31]

[sub_resource type="BoxShape" id=1]
extents = Vector3( 30.6502, 7.36716, 6.19276 )

[sub_resource type="BoxShape" id=2]
extents = Vector3( 5.46344, 7.36716, 16.1573 )

[sub_resource type="BoxShape" id=3]
extents = Vector3( 5.46344, 7.36716, 11.6754 )

[sub_resource type="BoxShape" id=4]
extents = Vector3( 6.32131, 6.60333, 7.32354 )

[sub_resource type="BoxShape" id=5]
extents = Vector3( 5.46344, 5.03565, 4.49733 )

[sub_resource type="BoxShape" id=6]
extents = Vector3( 22.6408, 6.95472, 0.41265 )

[sub_resource type="BoxShape" id=7]
extents = Vector3( 8.73184, 6.95472, 0.41265 )

[sub_resource type="BoxShape" id=8]
extents = Vector3( 3.95302, 6.95472, 0.41265 )

[sub_resource type="BoxShape" id=9]
extents = Vector3( 1, 2.14882, 3.31791 )

[node name="Game" type="Spatial"]
script = ExtResource( 4 )

[node name="UI" type="Control" parent="."]
anchor_right = 1.0
anchor_bottom = 1.0
__meta__ = {
"_edit_use_anchors_": false
}

[node name="MarginContainer" type="MarginContainer" parent="UI"]
anchor_left = 1.0
anchor_right = 1.0
margin_left = -112.0
margin_bottom = 108.0
custom_constants/margin_right = 50
custom_constants/margin_top = 50
__meta__ = {
"_edit_use_anchors_": false
}

[node name="FpsLabel" type="Label" parent="UI/MarginContainer"]
margin_top = 50.0
margin_right = 62.0
margin_bottom = 108.0
custom_fonts/font = ExtResource( 5 )
text = "00"
__meta__ = {
"_edit_use_anchors_": false
}

[node name="DialogBox" parent="UI" instance=ExtResource( 27 )]
margin_left = 0.0
margin_top = 0.0
margin_right = 0.0
margin_bottom = 0.0

[node name="InteractableOverlay" parent="UI" instance=ExtResource( 29 )]
visible = false

[node name="SuperhoverOverlay" parent="UI" instance=ExtResource( 31 )]
visible = false
player = NodePath("../../Player")

[node name="DebugEnvironment" type="WorldEnvironment" parent="."]

[node name="AmbientSounds" type="Spatial" parent="."]

[node name="Crows" type="Spatial" parent="AmbientSounds"]
script = ExtResource( 25 )
initial_wait_time = 3.0
wait_time = 42.0
listener = NodePath("../../Player")

[node name="CrowSound" type="AudioStreamPlayer3D" parent="AmbientSounds/Crows"]
transform = Transform( 1, 0, 0, 0, 1, 0, 0, 0, 1, 24.5594, 7.5402, 43.9931 )
stream = ExtResource( 24 )
bus = "AmbientSounds"

[node name="CrowSound2" type="AudioStreamPlayer3D" parent="AmbientSounds/Crows"]
transform = Transform( 1, 0, 0, 0, 1, 0, 0, 0, 1, -28.3494, 7.5402, 31.151 )
stream = ExtResource( 24 )
bus = "AmbientSounds"

[node name="CrowSound3" type="AudioStreamPlayer3D" parent="AmbientSounds/Crows"]
transform = Transform( 1, 0, 0, 0, 1, 0, 0, 0, 1, -5.08252, 7.5402, 13.8191 )
stream = ExtResource( 24 )
bus = "AmbientSounds"

[node name="CrowSound4" type="AudioStreamPlayer3D" parent="AmbientSounds/Crows"]
transform = Transform( 1, 0, 0, 0, 1, 0, 0, 0, 1, -16.185, -13.4376, 27.1296 )
stream = ExtResource( 24 )
bus = "AmbientSounds"

[node name="Player" parent="." instance=ExtResource( 2 )]
transform = Transform( 1, 0, 0, 0, 1, 0, 0, 0, 1, 0.871102, 7.74847, 31.4062 )
evirorment = ExtResource( 3 )
speed = 4.0

[node name="Gimbal" parent="Player" index="10"]
transform = Transform( 0.77426, 0, 0.632868, 0, 1, 0, -0.632868, 0, 0.77426, 0, 0, 0 )

[node name="Grass" type="Spatial" parent="."]
__meta__ = {
"_edit_group_": true,
"_edit_lock_": true
}

[node name="Grass" parent="Grass" instance=ExtResource( 1 )]
transform = Transform( 1, 0, 0, 0, 1, 0, 0, 0, 1, -3, 0, 15 )

[node name="Grass2" parent="Grass" instance=ExtResource( 1 )]
transform = Transform( 1, 0, 0, 0, 1, 0, 0, 0, 1, -9, 0, 15 )

[node name="Grass3" parent="Grass" instance=ExtResource( 1 )]
transform = Transform( 1, 0, 0, 0, 1, 0, 0, 0, 1, -15, 0, 15 )

[node name="Grass4" parent="Grass" instance=ExtResource( 1 )]
transform = Transform( 1, 0, 0, 0, 1, 0, 0, 0, 1, -21, 0, 15 )

[node name="Grass5" parent="Grass" instance=ExtResource( 1 )]
transform = Transform( 1, 0, 0, 0, 1, 0, 0, 0, 1, -27, 0, 15 )

[node name="Grass6" parent="Grass" instance=ExtResource( 1 )]
transform = Transform( 1, 0, 0, 0, 1, 0, 0, 0, 1, -33, 0, 15 )

[node name="Grass8" parent="Grass" instance=ExtResource( 1 )]
transform = Transform( 1, 0, 0, 0, 1, 0, 0, 0, 1, 27, 0, 15 )

[node name="Grass9" parent="Grass" instance=ExtResource( 1 )]
transform = Transform( 1, 0, 0, 0, 1, 0, 0, 0, 1, 21, 0, 15 )

[node name="Grass10" parent="Grass" instance=ExtResource( 1 )]
transform = Transform( 1, 0, 0, 0, 1, 0, 0, 0, 1, 15, 0, 15 )

[node name="Grass11" parent="Grass" instance=ExtResource( 1 )]
transform = Transform( 1, 0, 0, 0, 1, 0, 0, 0, 1, 9, 0, 15 )

[node name="Grass12" parent="Grass" instance=ExtResource( 1 )]
transform = Transform( 1, 0, 0, 0, 1, 0, 0, 0, 1, 3, 0, 15 )

[node name="Grass13" parent="Grass" instance=ExtResource( 1 )]
transform = Transform( 1, 0, 0, 0, 1, 0, 0, 0, 1, -9, 0, 21 )

[node name="Grass14" parent="Grass" instance=ExtResource( 1 )]
transform = Transform( 1, 0, 0, 0, 1, 0, 0, 0, 1, -15, 0, 21 )

[node name="Grass15" parent="Grass" instance=ExtResource( 1 )]
transform = Transform( 1, 0, 0, 0, 1, 0, 0, 0, 1, -21, 0, 21 )

[node name="Grass16" parent="Grass" instance=ExtResource( 1 )]
transform = Transform( 1, 0, 0, 0, 1, 0, 0, 0, 1, -27, 0, 21 )

[node name="Grass22" parent="Grass" instance=ExtResource( 1 )]
transform = Transform( 1, 0, 0, 0, 1, 0, 0, 0, 1, 9, 0, 21 )

[node name="Grass23" parent="Grass" instance=ExtResource( 1 )]
transform = Transform( 1, 0, 0, 0, 1, 0, 0, 0, 1, 3, 0, 21 )

[node name="Grass24" parent="Grass" instance=ExtResource( 1 )]
transform = Transform( 1, 0, 0, 0, 1, 0, 0, 0, 1, -9, 0, 27 )

[node name="Grass25" parent="Grass" instance=ExtResource( 1 )]
transform = Transform( 1, 0, 0, 0, 1, 0, 0, 0, 1, -15, 0, 27 )

[node name="Grass26" parent="Grass" instance=ExtResource( 1 )]
transform = Transform( 1, 0, 0, 0, 1, 0, 0, 0, 1, -21, 0, 27 )

[node name="Grass27" parent="Grass" instance=ExtResource( 1 )]
transform = Transform( 1, 0, 0, 0, 1, 0, 0, 0, 1, -27, 0, 27 )

[node name="Grass33" parent="Grass" instance=ExtResource( 1 )]
transform = Transform( 1, 0, 0, 0, 1, 0, 0, 0, 1, 9, 0, 27 )

[node name="Grass34" parent="Grass" instance=ExtResource( 1 )]
transform = Transform( 1, 0, 0, 0, 1, 0, 0, 0, 1, 3, 0, 27 )

[node name="Grass35" parent="Grass" instance=ExtResource( 1 )]
transform = Transform( 1, 0, 0, 0, 1, 0, 0, 0, 1, -9, 0, 33 )

[node name="Grass46" parent="Grass" instance=ExtResource( 1 )]
transform = Transform( 1, 0, 0, 0, 1, 0, 0, 0, 1, -3, 0, 21 )

[node name="Grass47" parent="Grass" instance=ExtResource( 1 )]
transform = Transform( 1, 0, 0, 0, 1, 0, 0, 0, 1, -3, 0, 27 )

[node name="Grass48" parent="Grass" instance=ExtResource( 1 )]
transform = Transform( 1, 0, 0, 0, 1, 0, 0, 0, 1, -3, 0, 33 )

[node name="Grass36" parent="Grass" instance=ExtResource( 1 )]
transform = Transform( 1, 0, 0, 0, 1, 0, 0, 0, 1, -15, 0, 33 )

[node name="Grass39" parent="Grass" instance=ExtResource( 1 )]
transform = Transform( 1, 0, 0, 0, 1, 0, 0, 0, 1, -9, 0, 39 )

[node name="Grass40" parent="Grass" instance=ExtResource( 1 )]
transform = Transform( 1, 0, 0, 0, 1, 0, 0, 0, 1, -15, 0, 39 )

[node name="Grass37" parent="Grass" instance=ExtResource( 1 )]
transform = Transform( 1, 0, 0, 0, 1, 0, 0, 0, 1, -21, 0, 33 )

[node name="Grass38" parent="Grass" instance=ExtResource( 1 )]
transform = Transform( 1, 0, 0, 0, 1, 0, 0, 0, 1, -27, 0, 33 )

[node name="Grass17" parent="Grass" instance=ExtResource( 1 )]
transform = Transform( 1, 0, 0, 0, 1, 0, 0, 0, 1, -32.956, 0, 21 )

[node name="Grass28" parent="Grass" instance=ExtResource( 1 )]
transform = Transform( 1, 0, 0, 0, 1, 0, 0, 0, 1, -32.956, 0, 27 )

[node name="Grass41" parent="Grass" instance=ExtResource( 1 )]
transform = Transform( 1, 0, 0, 0, 1, 0, 0, 0, 1, -32.956, 0, 33 )

[node name="Grass44" parent="Grass" instance=ExtResource( 1 )]
transform = Transform( 1, 0, 0, 0, 1, 0, 0, 0, 1, 9, 0, 33 )

[node name="Grass77" parent="Grass" instance=ExtResource( 1 )]
transform = Transform( 1, 0, 0, 0, 1, 0, 0, 0, 1, 9, 0, 39 )

[node name="Grass45" parent="Grass" instance=ExtResource( 1 )]
transform = Transform( 1, 0, 0, 0, 1, 0, 0, 0, 1, 3, 0, 33 )

[node name="Grass55" parent="Grass" instance=ExtResource( 1 )]
transform = Transform( 1, 0, 0, 0, 1, 0, 0, 0, 1, 3, 0, 39 )

[node name="Grass66" parent="Grass" instance=ExtResource( 1 )]
transform = Transform( 1, 0, -0.000314159, 0, 1, 0, 0.000314159, 0, 1, -3, 0, 39 )

[node name="Grass49" parent="Grass" instance=ExtResource( 1 )]
transform = Transform( 1, 0, 0, 0, 1, 0, 0, 0, 1, -3, 0, -9 )

[node name="Grass50" parent="Grass" instance=ExtResource( 1 )]
transform = Transform( 1, 0, 0, 0, 1, 0, 0, 0, 1, -9, 0, -9 )

[node name="Grass51" parent="Grass" instance=ExtResource( 1 )]
transform = Transform( 1, 0, 0, 0, 1, 0, 0, 0, 1, -15, 0, -9 )

[node name="Grass52" parent="Grass" instance=ExtResource( 1 )]
transform = Transform( 1, 0, 0, 0, 1, 0, 0, 0, 1, -21, 0, -9 )

[node name="Grass53" parent="Grass" instance=ExtResource( 1 )]
transform = Transform( 1, 0, 0, 0, 1, 0, 0, 0, 1, -27, 0, -9 )

[node name="Grass54" parent="Grass" instance=ExtResource( 1 )]
transform = Transform( 1, 0, 0, 0, 1, 0, 0, 0, 1, -33, 0, -9 )

[node name="Grass56" parent="Grass" instance=ExtResource( 1 )]
transform = Transform( 1, 0, 0, 0, 1, 0, 0, 0, 1, 27, 0, -9 )

[node name="Grass57" parent="Grass" instance=ExtResource( 1 )]
transform = Transform( 1, 0, 0, 0, 1, 0, 0, 0, 1, 21, 0, -9 )

[node name="Grass58" parent="Grass" instance=ExtResource( 1 )]
transform = Transform( 1, 0, 0, 0, 1, 0, 0, 0, 1, 15, 0, -9 )

[node name="Grass59" parent="Grass" instance=ExtResource( 1 )]
transform = Transform( 1, 0, 0, 0, 1, 0, 0, 0, 1, 9, 0, -9 )

[node name="Grass60" parent="Grass" instance=ExtResource( 1 )]
transform = Transform( 1, 0, 0, 0, 1, 0, 0, 0, 1, 3, 0, -9 )

[node name="Grass61" parent="Grass" instance=ExtResource( 1 )]
transform = Transform( 1, 0, 0, 0, 1, 0, 0, 0, 1, -9, 0, -3 )

[node name="Grass62" parent="Grass" instance=ExtResource( 1 )]
transform = Transform( 1, 0, 0, 0, 1, 0, 0, 0, 1, -15, 0, -3 )

[node name="Grass63" parent="Grass" instance=ExtResource( 1 )]
transform = Transform( 1, 0, 0, 0, 1, 0, 0, 0, 1, -21, 0, -3 )

[node name="Grass64" parent="Grass" instance=ExtResource( 1 )]
transform = Transform( 1, 0, 0, 0, 1, 0, 0, 0, 1, -27, 0, -3 )

[node name="Grass65" parent="Grass" instance=ExtResource( 1 )]
transform = Transform( 1, 0, 0, 0, 1, 0, 0, 0, 1, -33, 0, -3 )

[node name="Grass67" parent="Grass" instance=ExtResource( 1 )]
transform = Transform( 1, 0, 0, 0, 1, 0, 0, 0, 1, 27, 0, -3 )

[node name="Grass68" parent="Grass" instance=ExtResource( 1 )]
transform = Transform( 1, 0, 0, 0, 1, 0, 0, 0, 1, 21, 0, -3 )

[node name="Grass69" parent="Grass" instance=ExtResource( 1 )]
transform = Transform( 1, 0, 0, 0, 1, 0, 0, 0, 1, 15, 0, -3 )

[node name="Grass70" parent="Grass" instance=ExtResource( 1 )]
transform = Transform( 1, 0, 0, 0, 1, 0, 0, 0, 1, 9, 0, -3 )

[node name="Grass71" parent="Grass" instance=ExtResource( 1 )]
transform = Transform( 1, 0, 0, 0, 1, 0, 0, 0, 1, 3, 0, -3 )

[node name="Grass72" parent="Grass" instance=ExtResource( 1 )]
transform = Transform( 1, 0, 0, 0, 1, 0, 0, 0, 1, -9, 0, 3 )

[node name="Grass73" parent="Grass" instance=ExtResource( 1 )]
transform = Transform( 1, 0, 0, 0, 1, 0, 0, 0, 1, -15, 0, 3 )

[node name="Grass74" parent="Grass" instance=ExtResource( 1 )]
transform = Transform( 1, 0, 0, 0, 1, 0, 0, 0, 1, -21, 0, 3 )

[node name="Grass75" parent="Grass" instance=ExtResource( 1 )]
transform = Transform( 1, 0, 0, 0, 1, 0, 0, 0, 1, -27, 0, 3 )

[node name="Grass76" parent="Grass" instance=ExtResource( 1 )]
transform = Transform( 1, 0, 0, 0, 1, 0, 0, 0, 1, -33, 0, 3 )

[node name="Grass78" parent="Grass" instance=ExtResource( 1 )]
transform = Transform( 1, 0, 0, 0, 1, 0, 0, 0, 1, 27, 0, 3 )

[node name="Grass79" parent="Grass" instance=ExtResource( 1 )]
transform = Transform( 1, 0, 0, 0, 1, 0, 0, 0, 1, 21, 0, 3 )

[node name="Grass80" parent="Grass" instance=ExtResource( 1 )]
transform = Transform( 1, 0, 0, 0, 1, 0, 0, 0, 1, 15, 0, 3 )

[node name="Grass81" parent="Grass" instance=ExtResource( 1 )]
transform = Transform( 1, 0, 0, 0, 1, 0, 0, 0, 1, 9, 0, 3 )

[node name="Grass82" parent="Grass" instance=ExtResource( 1 )]
transform = Transform( 1, 0, 0, 0, 1, 0, 0, 0, 1, 3, 0, 3 )

[node name="Grass83" parent="Grass" instance=ExtResource( 1 )]
transform = Transform( 1, 0, 0, 0, 1, 0, 0, 0, 1, -9, 0, 9 )

[node name="Grass84" parent="Grass" instance=ExtResource( 1 )]
transform = Transform( 1, 0, 0, 0, 1, 0, 0, 0, 1, -3, 0, -3 )

[node name="Grass85" parent="Grass" instance=ExtResource( 1 )]
transform = Transform( 1, 0, 0, 0, 1, 0, 0, 0, 1, -3, 0, 3 )

[node name="Grass86" parent="Grass" instance=ExtResource( 1 )]
transform = Transform( 1, 0, 0, 0, 1, 0, 0, 0, 1, -3, 0, 9 )

[node name="Grass87" parent="Grass" instance=ExtResource( 1 )]
transform = Transform( 1, 0, 0, 0, 1, 0, 0, 0, 1, -15, 0, 9 )

[node name="Grass88" parent="Grass" instance=ExtResource( 1 )]
transform = Transform( 1, 0, 0, 0, 1, 0, 0, 0, 1, -21, 0, 9 )

[node name="Grass89" parent="Grass" instance=ExtResource( 1 )]
transform = Transform( 1, 0, 0, 0, 1, 0, 0, 0, 1, -27, 0, 9 )

[node name="Grass90" parent="Grass" instance=ExtResource( 1 )]
transform = Transform( 1, 0, 0, 0, 1, 0, 0, 0, 1, -33, 0, 9 )

[node name="Grass92" parent="Grass" instance=ExtResource( 1 )]
transform = Transform( 1, 0, 0, 0, 1, 0, 0, 0, 1, 27, 0, 9 )

[node name="Grass93" parent="Grass" instance=ExtResource( 1 )]
transform = Transform( 1, 0, 0, 0, 1, 0, 0, 0, 1, 21, 0, 9 )

[node name="Grass94" parent="Grass" instance=ExtResource( 1 )]
transform = Transform( 1, 0, 0, 0, 1, 0, 0, 0, 1, 15, 0, 9 )

[node name="Grass95" parent="Grass" instance=ExtResource( 1 )]
transform = Transform( 1, 0, 0, 0, 1, 0, 0, 0, 1, 9, 0, 9 )

[node name="Grass96" parent="Grass" instance=ExtResource( 1 )]
transform = Transform( 1, 0, 0, 0, 1, 0, 0, 0, 1, 3, 0, 9 )

[node name="Grass109" parent="Grass" instance=ExtResource( 1 )]
transform = Transform( 1, 0, 0, 0, 1, 0, 0, 0, 1, -9, 0, -27 )

[node name="Grass110" parent="Grass" instance=ExtResource( 1 )]
transform = Transform( 1, 0, 0, 0, 1, 0, 0, 0, 1, -15, 0, -27 )

[node name="Grass111" parent="Grass" instance=ExtResource( 1 )]
transform = Transform( 1, 0, 0, 0, 1, 0, 0, 0, 1, -21, 0, -27 )

[node name="Grass112" parent="Grass" instance=ExtResource( 1 )]
transform = Transform( 1, 0, 0, 0, 1, 0, 0, 0, 1, -27, 0, -27 )

[node name="Grass113" parent="Grass" instance=ExtResource( 1 )]
transform = Transform( 1, 0, 0, 0, 1, 0, 0, 0, 1, -33, 0, -27 )

[node name="Grass115" parent="Grass" instance=ExtResource( 1 )]
transform = Transform( 1, 0, 0, 0, 1, 0, 0, 0, 1, 27, 0, -27 )

[node name="Grass116" parent="Grass" instance=ExtResource( 1 )]
transform = Transform( 1, 0, 0, 0, 1, 0, 0, 0, 1, 21, 0, -27 )

[node name="Grass117" parent="Grass" instance=ExtResource( 1 )]
transform = Transform( 1, 0, 0, 0, 1, 0, 0, 0, 1, 15, 0, -27 )

[node name="Grass118" parent="Grass" instance=ExtResource( 1 )]
transform = Transform( 1, 0, 0, 0, 1, 0, 0, 0, 1, 9, 0, -27 )

[node name="Grass119" parent="Grass" instance=ExtResource( 1 )]
transform = Transform( 1, 0, 0, 0, 1, 0, 0, 0, 1, 3, 0, -27 )

[node name="Grass120" parent="Grass" instance=ExtResource( 1 )]
transform = Transform( 1, 0, 0, 0, 1, 0, 0, 0, 1, -9, 0, -21 )

[node name="Grass121" parent="Grass" instance=ExtResource( 1 )]
transform = Transform( 1, 0, 0, 0, 1, 0, 0, 0, 1, -15, 0, -21 )

[node name="Grass122" parent="Grass" instance=ExtResource( 1 )]
transform = Transform( 1, 0, 0, 0, 1, 0, 0, 0, 1, -21, 0, -21 )

[node name="Grass123" parent="Grass" instance=ExtResource( 1 )]
transform = Transform( 1, 0, 0, 0, 1, 0, 0, 0, 1, -27, 0, -21 )

[node name="Grass124" parent="Grass" instance=ExtResource( 1 )]
transform = Transform( 1, 0, 0, 0, 1, 0, 0, 0, 1, -33, 0, -21 )

[node name="Grass126" parent="Grass" instance=ExtResource( 1 )]
transform = Transform( 1, 0, 0, 0, 1, 0, 0, 0, 1, 27, 0, -21 )

[node name="Grass127" parent="Grass" instance=ExtResource( 1 )]
transform = Transform( 1, 0, 0, 0, 1, 0, 0, 0, 1, 21, 0, -21 )

[node name="Grass128" parent="Grass" instance=ExtResource( 1 )]
transform = Transform( 1, 0, 0, 0, 1, 0, 0, 0, 1, 15, 0, -21 )

[node name="Grass129" parent="Grass" instance=ExtResource( 1 )]
transform = Transform( 1, 0, 0, 0, 1, 0, 0, 0, 1, 9, 0, -21 )

[node name="Grass130" parent="Grass" instance=ExtResource( 1 )]
transform = Transform( 1, 0, 0, 0, 1, 0, 0, 0, 1, 3, 0, -21 )

[node name="Grass131" parent="Grass" instance=ExtResource( 1 )]
transform = Transform( 1, 0, 0, 0, 1, 0, 0, 0, 1, -9, 0, -15 )

[node name="Grass132" parent="Grass" instance=ExtResource( 1 )]
transform = Transform( 1, 0, 0, 0, 1, 0, 0, 0, 1, -3, 0, -27 )

[node name="Grass133" parent="Grass" instance=ExtResource( 1 )]
transform = Transform( 1, 0, 0, 0, 1, 0, 0, 0, 1, -3, 0, -21 )

[node name="Grass134" parent="Grass" instance=ExtResource( 1 )]
transform = Transform( 1, 0, 0, 0, 1, 0, 0, 0, 1, -3, 0, -15 )

[node name="Grass135" parent="Grass" instance=ExtResource( 1 )]
transform = Transform( 1, 0, 0, 0, 1, 0, 0, 0, 1, -15, 0, -15 )

[node name="Grass136" parent="Grass" instance=ExtResource( 1 )]
transform = Transform( 1, 0, 0, 0, 1, 0, 0, 0, 1, -21, 0, -15 )

[node name="Grass137" parent="Grass" instance=ExtResource( 1 )]
transform = Transform( 1, 0, 0, 0, 1, 0, 0, 0, 1, -27, 0, -15 )

[node name="Grass138" parent="Grass" instance=ExtResource( 1 )]
transform = Transform( 1, 0, 0, 0, 1, 0, 0, 0, 1, -33, 0, -15 )

[node name="Grass140" parent="Grass" instance=ExtResource( 1 )]
transform = Transform( 1, 0, 0, 0, 1, 0, 0, 0, 1, 27, 0, -15 )

[node name="Grass141" parent="Grass" instance=ExtResource( 1 )]
transform = Transform( 1, 0, 0, 0, 1, 0, 0, 0, 1, 21, 0, -15 )

[node name="Grass142" parent="Grass" instance=ExtResource( 1 )]
transform = Transform( 1, 0, 0, 0, 1, 0, 0, 0, 1, 15, 0, -15 )

[node name="Grass143" parent="Grass" instance=ExtResource( 1 )]
transform = Transform( 1, 0, 0, 0, 1, 0, 0, 0, 1, 9, 0, -15 )

[node name="Grass144" parent="Grass" instance=ExtResource( 1 )]
transform = Transform( 1, 0, 0, 0, 1, 0, 0, 0, 1, 3, 0, -15 )

[node name="Castle" type="Spatial" parent="."]
__meta__ = {
"_edit_group_": true,
"_edit_lock_": true
}

[node name="DestructibleFrontGate" parent="Castle" instance=ExtResource( 23 )]
transform = Transform( 1, 0, 0, 0, 1, 0, 0, 0, 1, -3.928, 0, 17.53 )
dialog_box = NodePath("../../UI/DialogBox")
interact_overlay = NodePath("../../UI/InteractableOverlay")

[node name="CastleTower" parent="Castle" instance=ExtResource( 7 )]
transform = Transform( -1, 0, -8.74228e-08, 0, 1, 0, 8.74228e-08, 0, -1, -7.03822, 0, 16.7486 )

[node name="CastleTower2" parent="Castle" instance=ExtResource( 7 )]
transform = Transform( -4.37114e-08, 0, 1, 0, 1, 0, -1, 0, -4.37114e-08, -0.516608, 0, 16.741 )

[node name="CastleWallLong" parent="Castle" instance=ExtResource( 6 )]
transform = Transform( 1, 0, 0, 0, 1, 0, 0, 0, 1, 9.16041, 9.53674e-07, 16.8204 )

[node name="CastleWallLong2" parent="Castle" instance=ExtResource( 6 )]
transform = Transform( 1, 0, 0, 0, 1, 0, 0, 0, 1, -16.8456, 9.53674e-07, 16.697 )

[node name="CastleWallCorner" parent="Castle" instance=ExtResource( 8 )]
transform = Transform( 1, 0, 0, 0, 1, 0, 0, 0, 1, 21.0585, 0, 16.0262 )

[node name="CastleWallShort" parent="Castle" instance=ExtResource( 9 )]
transform = Transform( 0.707107, 0, -0.707107, 0, 1, 0, 0.707107, 0, 0.707107, -26.0242, 0, 15.7856 )

[node name="CastleWallShort2" parent="Castle" instance=ExtResource( 9 )]
transform = Transform( 0.707107, 0, -0.707107, 0, 1, 0, 0.707107, 0, 0.707107, -29.1404, 0, 12.6694 )

[node name="CastleWallShort3" parent="Castle" instance=ExtResource( 9 )]
transform = Transform( 0.707107, 0, -0.707107, 0, 1, 0, 0.707107, 0, 0.707107, -32.2256, 0, 9.58418 )

[node name="CastleWallStairs" parent="Castle" instance=ExtResource( 11 )]
transform = Transform( 1, 0, 0, 0, 1, 0, 0, 0, 1, -11.6004, 0, 15.4231 )

[node name="CastleExitGate" parent="Castle" instance=ExtResource( 10 )]
transform = Transform( 1, 0, 0, 0, 1, 0, 0, 0, 1, -12.6286, 3.63103, 18.2481 )

[node name="Forest" type="Spatial" parent="."]
__meta__ = {
"_edit_group_": true,
"_edit_lock_": true
}

[node name="StaticBody" type="StaticBody" parent="Forest"]

[node name="CollisionShape" type="CollisionShape" parent="Forest/StaticBody"]
transform = Transform( 1, 0, 0, 0, 1, 0, 0, 0, 1, -8.38105, 0, 41.5715 )
shape = SubResource( 1 )

[node name="CollisionShape2" type="CollisionShape" parent="Forest/StaticBody"]
transform = Transform( 1, 0, 0, 0, 1, 0, 0, 0, 1, 10.0021, 0, 20.4415 )
shape = SubResource( 2 )

[node name="CollisionShape4" type="CollisionShape" parent="Forest/StaticBody"]
transform = Transform( 1, 0, 0, 0, 1, 0, 0, 0, 1, 12.6064, 0, 30.8018 )
shape = SubResource( 3 )

[node name="CollisionShape3" type="CollisionShape" parent="Forest/StaticBody"]
transform = Transform( 1, 0, 0, 0, 1, 0, 0, 0, 1, -36.7343, 4.44814, 28.2095 )
shape = SubResource( 2 )

[node name="CollisionShape5" type="CollisionShape" parent="Forest/StaticBody"]
transform = Transform( 1, 0, 0, 0, 1, 0, 0, 0, 1, -35.0722, 6.06619, 34.4766 )
shape = SubResource( 4 )

[node name="CollisionShape6" type="CollisionShape" parent="Forest/StaticBody"]
transform = Transform( 1, 0, 0, 0, 1, 0, 0, 0, 1, -34.4839, 4.79944, 18.1649 )
shape = SubResource( 5 )

[node name="POIForestWarning" type="Area" parent="Forest"]
script = ExtResource( 17 )
dialog_box = NodePath("../../UI/DialogBox")

[node name="CollisionShape" type="CollisionShape" parent="Forest/POIForestWarning"]
transform = Transform( 1, 0, 0, 0, 1, 0, 0, 0, 1, -10.6343, 7.11463, 35.1173 )
shape = SubResource( 6 )

[node name="CollisionShape2" type="CollisionShape" parent="Forest/POIForestWarning"]
transform = Transform( -4.37114e-08, 0, 1, 0, 1, 0, -1, 0, -4.37114e-08, 4.5145, 7.11463, 26.5632 )
shape = SubResource( 7 )

[node name="CollisionShape3" type="CollisionShape" parent="Forest/POIForestWarning"]
transform = Transform( -4.37114e-08, 0, 1, 0, 1, 0, -1, 0, -4.37114e-08, -28.8956, 7.11463, 31.0075 )
shape = SubResource( 8 )

[node name="CollisionShape4" type="CollisionShape" parent="Forest/POIForestWarning"]
transform = Transform( -4.37114e-08, 0, 1, 0, 1, 0, -1, 0, -4.37114e-08, -28.9432, 7.11463, 18.5826 )
shape = SubResource( 8 )

[node name="TreeNoLeaves4" parent="Forest" instance=ExtResource( 12 )]
transform = Transform( -0.0100528, 0, -0.999949, 0, 1, 0, 0.999949, 0, -0.0100528, -38.6964, 0, 27.1923 )

[node name="TreeNoLeaves2" parent="Forest" instance=ExtResource( 14 )]
transform = Transform( 1, 0, 0, 0, 1, 0, 0, 0, 1, -23.0735, 0, 36.8174 )

[node name="TreeNoLeaves3" parent="Forest" instance=ExtResource( 14 )]
transform = Transform( 1, 0, 0, 0, 1, 0, 0, 0, 1, -27.9811, 0.0144217, 35.9044 )

[node name="TreeLong" parent="Forest" instance=ExtResource( 15 )]
transform = Transform( 0.439484, 0, -0.89825, 0, 1, 0, 0.89825, 0, 0.439484, -31.0191, 0, 37.5944 )

[node name="TreeLong12" parent="Forest" instance=ExtResource( 15 )]
transform = Transform( 0.439484, 0, -0.89825, 0, 1, 0, 0.89825, 0, 0.439484, -13.5685, -0.652672, 47.1181 )

[node name="TreeLong9" parent="Forest" instance=ExtResource( 15 )]
transform = Transform( 0.439484, 0, -0.89825, 0, 1, 0, 0.89825, 0, 0.439484, -19.4884, 0, 41.9546 )

[node name="TreeThicc" parent="Forest" instance=ExtResource( 13 )]
transform = Transform( 1, 0, 0, 0, 1, 0, 0, 0, 1, -33.0298, 0, 34.0656 )

[node name="TreeThicc5" parent="Forest" instance=ExtResource( 13 )]
transform = Transform( 0.999913, 0.0131594, 0, -0.0131594, 0.999913, 0, 0, 0, 1, -30.0389, -9.53674e-07, 30.3086 )

[node name="TreeThicc6" parent="Forest" instance=ExtResource( 13 )]
transform = Transform( 1, 0, 0, 0, 1, 0, 0, 0, 1, -33.3972, 0, 17.363 )

[node name="TreeThicc7" parent="Forest" instance=ExtResource( 13 )]
transform = Transform( 1, 0, 0, 0, 1, 0, 0, 0, 1, -38.618, 0, 19.9424 )

[node name="TreeNoLeaves5" parent="Forest" instance=ExtResource( 12 )]
transform = Transform( 0.682241, 0, 0.731128, 0, 1, 0, -0.731128, 0, 0.682241, -19.805, 0, 35.8459 )

[node name="TreeNoLeaves6" parent="Forest" instance=ExtResource( 12 )]
transform = Transform( 0.682241, 0, 0.731128, 0, 1, 0, -0.731128, 0, 0.682241, -19.805, 0, 35.8459 )

[node name="TreeNoLeaves7" parent="Forest" instance=ExtResource( 14 )]
transform = Transform( 0.847122, 0, -0.531399, 0, 1, 0, 0.531399, 0, 0.847122, -8.7102, 0, 42.4911 )

[node name="TreeNoLeaves10" parent="Forest" instance=ExtResource( 14 )]
transform = Transform( 0.847122, 0, -0.531399, 0, 1, 0, 0.531399, 0, 0.847122, -0.817369, 0, 36.4324 )

[node name="TreeNoLeaves12" parent="Forest" instance=ExtResource( 14 )]
transform = Transform( 0.682241, 0, 0.731128, 0, 1, 0, -0.731128, 0, 0.682241, -29.489, 0, 16.7273 )

[node name="TreeNoLeaves8" parent="Forest" instance=ExtResource( 14 )]
transform = Transform( 0.847122, 0, -0.531399, 0, 1, 0, 0.531399, 0, 0.847122, -12.424, 0, 36.2771 )

[node name="TreeLong2" parent="Forest" instance=ExtResource( 15 )]
transform = Transform( 0.95657, 0, -0.291504, 0, 1, 0, 0.291504, 0, 0.95657, -13.2125, 0, 39.9368 )

[node name="TreeLong11" parent="Forest" instance=ExtResource( 15 )]
transform = Transform( -0.551311, 0, -0.8343, 0, 1, 0, 0.8343, 0, -0.551311, -3.40948, 0, 47.2535 )

[node name="TreeLong6" parent="Forest" instance=ExtResource( 15 )]
transform = Transform( 0.604432, 0, 0.796657, 0, 1, 0, -0.796657, 0, 0.604432, -7.55286, 0, 37.233 )

[node name="TreeLong7" parent="Forest" instance=ExtResource( 15 )]
transform = Transform( -0.886874, 0, 0.462012, 0, 1, 0, -0.462012, 0, -0.886874, 2.35709, 0, 41.455 )

[node name="TreeThicc2" parent="Forest" instance=ExtResource( 13 )]
transform = Transform( 0.682241, 0, 0.731128, 0, 1, 0, -0.731128, 0, 0.682241, -22.1343, 0, 39.4579 )

[node name="TreeThicc3" parent="Forest" instance=ExtResource( 13 )]
transform = Transform( 0.682241, 0, 0.731128, 0, 1, 0, -0.731128, 0, 0.682241, 5.0599, 0, 39.4579 )

[node name="TreeNoLeaves9" parent="Forest" instance=ExtResource( 12 )]
transform = Transform( 0.794489, 0, 0.607279, 0, 1, 0, -0.607279, 0, 0.794489, -5.03884, 0, 39.6147 )

[node name="TreeNoLeaves23" parent="Forest" instance=ExtResource( 14 )]
transform = Transform( 0.990136, 0, -0.140106, 0, 1, 0, 0.140106, 0, 0.990136, -7.17149, 0, 48.821 )

[node name="TreeNoLeaves24" parent="Forest" instance=ExtResource( 14 )]
transform = Transform( 0.672832, 0, 0.739796, 0, 1, 0, -0.739796, 0, 0.672832, -36.2521, -1.90735e-06, 23.2617 )

[node name="TreeNoLeaves27" parent="Forest" instance=ExtResource( 14 )]
transform = Transform( 0.993764, 0, -0.111504, 0, 1, 0, 0.111504, 0, 0.993764, -34.2491, -1.90735e-06, 29.0841 )

[node name="TreeNoLeaves21" parent="Forest" instance=ExtResource( 14 )]
transform = Transform( 0.794489, 0, 0.607279, 0, 1, 0, -0.607279, 0, 0.794489, 12.7141, -1.90735e-06, 44.4349 )

[node name="TreeNoLeaves29" parent="Forest" instance=ExtResource( 14 )]
transform = Transform( 0.955886, 0, -0.29374, 0, 1, 0, 0.29374, 0, 0.955886, 7.93571, -1.90735e-06, 44.4349 )

[node name="TreeNoLeaves30" parent="Forest" instance=ExtResource( 14 )]
transform = Transform( 0.770691, 0, 0.637209, 0, 1, 0, -0.637209, 0, 0.770691, -2.59617, -1.90735e-06, 44.4349 )

[node name="TreeNoLeaves31" parent="Forest" instance=ExtResource( 14 )]
transform = Transform( 0.770691, 0, 0.637209, 0, 1, 0, -0.637209, 0, 0.770691, 2.1327, -1.90735e-06, 48.2947 )

[node name="TreeNoLeaves18" parent="Forest" instance=ExtResource( 14 )]
transform = Transform( 0.794489, 0, 0.607279, 0, 1, 0, -0.607279, 0, 0.794489, 20.6811, 0, 34.5241 )

[node name="TreeNoLeaves22" parent="Forest" instance=ExtResource( 14 )]
transform = Transform( 0.17176, 0, 0.730068, 0, 0.75, 0, -0.730068, 0, 0.17176, 7.23012, 0, 27.7002 )

[node name="TreeLong3" parent="Forest" instance=ExtResource( 15 )]
transform = Transform( -0.975542, 0, 0.219812, 0, 1, 0, -0.219812, 0, -0.975542, 10.4744, 0, 21.8007 )

[node name="TreeNoLeaves15" parent="Forest" instance=ExtResource( 14 )]
transform = Transform( 0.0980345, 0, 0.995183, 0, 1, 0, -0.995183, 0, 0.0980345, 15.2462, 0, 25.782 )

[node name="TreeNoLeaves16" parent="Forest" instance=ExtResource( 14 )]
transform = Transform( 0.0980345, 0, 0.995183, 0.00661762, 0.999978, -0.000651896, -0.995161, 0.00664966, 0.0980323, 13.0249, 0, 28.3857 )

[node name="TreeNoLeaves17" parent="Forest" instance=ExtResource( 14 )]
transform = Transform( -0.854658, 0, 0.519191, 0, 1, 0, -0.519191, 0, -0.854658, 21.3257, 0, 28.3857 )

[node name="TreeNoLeaves19" parent="Forest" instance=ExtResource( 14 )]
transform = Transform( 0.857903, 0, 0.513811, 0, 1, 0, -0.513811, 0, 0.857903, 8.58608, 0, 32.9591 )

[node name="TreeNoLeaves32" parent="Forest" instance=ExtResource( 14 )]
transform = Transform( -0.87429, 0, 0.485405, 0, 1, 0, -0.485405, 0, -0.87429, 5.90688, 0, 22.5502 )

[node name="TreeLong4" parent="Forest" instance=ExtResource( 15 )]
transform = Transform( 0.937008, 0, 0.349308, 0, 1, 0, -0.349308, 0, 0.937008, 15.2406, 0, 30.9204 )

[node name="TreeLong8" parent="Forest" instance=ExtResource( 15 )]
transform = Transform( -0.995995, 0, -0.0894164, 0, 1, 0, 0.0894164, 0, -0.995995, 4.50133, -0.580897, 19.3127 )

[node name="TreeNoLeaves28" parent="Forest" instance=ExtResource( 14 )]
transform = Transform( 0.0980345, 0, 0.995183, 0, 1, 0, -0.995183, 0, 0.0980345, 8.43517, -1.90735e-06, 37.2861 )

[node name="TreeLong5" parent="Forest" instance=ExtResource( 15 )]
transform = Transform( 0.937008, 0, 0.349308, 0, 1, 0, -0.349308, 0, 0.937008, 12.8865, -1.90735e-06, 38.6006 )

[node name="TreeNoLeaves25" parent="Forest" instance=ExtResource( 14 )]
transform = Transform( 0.611347, 0, 0.791362, 0, 1, 0, -0.791362, 0, 0.611347, -27.3475, 0, 44.7891 )

[node name="TreeNoLeaves26" parent="Forest" instance=ExtResource( 14 )]
transform = Transform( 0.098399, 0, -0.995147, 0, 1, 0, 0.995147, 0, 0.098399, -16.7291, 0, 39.4562 )

[node name="Graveyard" type="Spatial" parent="."]
__meta__ = {
"_edit_group_": true,
"_edit_lock_": true
}

[node name="POIGraveyard" type="Area" parent="Graveyard"]
transform = Transform( 1, 0, 0, 0, 1, 0, 0, 0, 1, -9.48116, 0, 25.5019 )
script = ExtResource( 28 )
dialog_box = NodePath("../../UI/DialogBox")
one_shot = true
disabled = true

[node name="CollisionShape" type="CollisionShape" parent="Graveyard/POIGraveyard"]
transform = Transform( 1, 0, 0, 0, 1, 0, 0, 0, 1, 0, 2.05601, 0.163599 )
shape = SubResource( 9 )

[node name="LaughingGrave" parent="Graveyard" instance=ExtResource( 30 )]
transform = Transform( 0.0862516, 0, 0.996273, 0, 1, 0, -0.996273, 0, 0.0862516, -20.1667, 0.118192, 19.6437 )
dialog_box = NodePath("../../UI/DialogBox")
interact_overlay = NodePath("../../UI/InteractableOverlay")

[node name="ReadableGrave1" parent="Graveyard" instance=ExtResource( 16 )]
transform = Transform( -4.37114e-08, 0, 1, 0, 1, 0, -1, 0, -4.37114e-08, -13.1963, 0.182783, 30.4966 )
dialog_box = NodePath("../../UI/DialogBox")
interact_overlay = NodePath("../../UI/InteractableOverlay")
grave_text = "Rest in peace, Unreal."

[node name="ReadableGrave4" parent="Graveyard" instance=ExtResource( 16 )]
transform = Transform( 0.07195, 0, 0.997408, 0, 1, 0, -0.997408, 0, 0.07195, -13.4135, 0.182783, 23.3928 )
dialog_box = NodePath("../../UI/DialogBox")
interact_overlay = NodePath("../../UI/InteractableOverlay")
grave_text = "Here lies Lumberyard. May you rest in peace!"

[node name="ReadableGrave6" parent="Graveyard" instance=ExtResource( 16 )]
transform = Transform( -0.0354577, 0, 0.999371, 0, 1, 0, -0.999371, 0, -0.0354577, -20.6062, 0.182783, 27.114 )
dialog_box = NodePath("../../UI/DialogBox")
interact_overlay = NodePath("../../UI/InteractableOverlay")
grave_text = "Rest in peace, CryEngine."

[node name="ReadableGrave5" parent="Graveyard" instance=ExtResource( 16 )]
transform = Transform( 0.07195, 0, 0.997408, 0, 1, 0, -0.997408, 0, 0.07195, -20.3964, 0.182783, 22.6935 )
dialog_box = NodePath("../../UI/DialogBox")
interact_overlay = NodePath("../../UI/InteractableOverlay")
grave_text = "Rest in peace, GameMaker."

[node name="ReadableGrave" parent="Graveyard" instance=ExtResource( 18 )]
transform = Transform( -4.37114e-08, 0, 1, 0, 1, 0, -1, 0, -4.37114e-08, -19.9718, 0.118193, 30.3445 )
dialog_box = NodePath("../../UI/DialogBox")
interact_overlay = NodePath("../../UI/InteractableOverlay")
grave_text = "RIP RPGMaker."

[node name="ReadableGrave2" parent="Graveyard" instance=ExtResource( 18 )]
transform = Transform( -0.0285846, 0, 0.999591, 0, 1, 0, -0.999591, 0, -0.0285846, -12.938, 0.118193, 20.0747 )
dialog_box = NodePath("../../UI/DialogBox")
interact_overlay = NodePath("../../UI/InteractableOverlay")
grave_text = "RIP, Construct."

[node name="ReadableGrave3" parent="Graveyard" instance=ExtResource( 18 )]
transform = Transform( -0.0238215, 0, 0.999716, 0, 1, 0, -0.999716, 0, -0.0238215, -13.1523, 0.118193, 26.9953 )
dialog_box = NodePath("../../UI/DialogBox")
interact_overlay = NodePath("../../UI/InteractableOverlay")
grave_text = "Here lies Unity. May you rest in peace!"

[node name="FenceStraight" parent="Graveyard" instance=ExtResource( 19 )]
transform = Transform( -4.37114e-08, 0, -1, 0, 1, 0, 1, 0, -4.37114e-08, -24.3322, 0.0864053, 18.936 )

[node name="FenceStraight4" parent="Graveyard" instance=ExtResource( 19 )]
transform = Transform( -4.37114e-08, 0, -1, 0, 1, 0, 1, 0, -4.37114e-08, -24.4014, 0.0864053, 27.3777 )

[node name="FenceStraight6" parent="Graveyard" instance=ExtResource( 19 )]
transform = Transform( -1, 0, 8.74228e-08, 0, 1, 0, -8.74228e-08, 0, -1, -14.656, 0.0735464, 32.0673 )

[node name="FenceStraight7" parent="Graveyard" instance=ExtResource( 19 )]
transform = Transform( -1, 0, 8.74228e-08, 0, 1, 0, -8.74228e-08, 0, -1, -20.6415, 0.0727777, 32.0672 )

[node name="FenceStraight9" parent="Graveyard" instance=ExtResource( 19 )]
transform = Transform( -1, 0, 8.74228e-08, 0, 1, 0, -8.74228e-08, 0, -1, -11.6452, 0.0735464, 32.0673 )

[node name="FenceStraight5" parent="Graveyard" instance=ExtResource( 19 )]
transform = Transform( -4.37114e-08, 0, -1, 0, 1, 0, 1, 0, -4.37114e-08, -24.3384, 0.0864053, 29.3734 )

[node name="FenceStraight3" parent="Graveyard" instance=ExtResource( 19 )]
transform = Transform( -4.37114e-08, 0, -1, 0, 1, 0, 1, 0, -4.37114e-08, -24.3556, 0.110134, 21.9372 )

[node name="FenceStraight8" parent="Graveyard" instance=ExtResource( 19 )]
transform = Transform( -4.37114e-08, 0, -1, 0, 1, 0, 1, 0, -4.37114e-08, -8.89319, 0.110134, 19.1522 )

[node name="FenceCurve" parent="Graveyard" instance=ExtResource( 20 )]
transform = Transform( -0.0376902, 0, 0.999289, 0, 1, 0, -0.999289, 0, -0.0376902, -23.4423, 0.0585638, 31.7741 )

[node name="FenceCurve2" parent="Graveyard" instance=ExtResource( 20 )]
transform = Transform( -0.999289, 0, -0.0376903, 0, 1, 0, 0.0376903, 0, -0.999289, -9.27272, 0.0585638, 31.2423 )

[node name="FenceWithHole" parent="Graveyard" instance=ExtResource( 21 )]
transform = Transform( -0.00837753, 0, -0.999965, 0, 1, 0, 0.999965, 0, -0.00837753, -24.3512, 0.142362, 24.8883 )

[node name="FenceWithHole2" parent="Graveyard" instance=ExtResource( 21 )]
transform = Transform( 1, 0, 0, 0, 1, 0, 0, 0, 1, -17.7917, 0, 32.2082 )

[node name="FenceWithHole4" parent="Graveyard" instance=ExtResource( 21 )]
transform = Transform( -4.37114e-08, 0, -1, 0, 1, 0, 1, 0, -4.37114e-08, -8.93371, 0.0800126, 22.082 )

[node name="FenceBentBack" parent="Graveyard" instance=ExtResource( 22 )]
transform = Transform( -4.37114e-08, 0, -1, 0, 1, 0, 1, 0, -4.37114e-08, -8.98137, 0.0851482, 28.4786 )

[node name="AwesomeCrypt" parent="." instance=ExtResource( 26 )]
transform = Transform( -4.37114e-08, 0, 1, 0, 1, 0, -1, 0, -4.37114e-08, -30.4109, 0.258159, 24.9455 )

[node name="DialogStartTimer" type="Timer" parent="."]
wait_time = 1.25
one_shot = true
autostart = true
[connection signal="message_confirmed" from="UI/DialogBox" to="." method="_on_DialogBox_message_confirmed"]
[connection signal="timeout" from="DialogStartTimer" to="." method="_on_DialogStartTimer_timeout"]

[editable path="Player"]
