[gd_scene load_steps=94 format=2]

[ext_resource path="res://Props/Grass.tscn" type="PackedScene" id=1]
[ext_resource path="res://Player/Player.tscn" type="PackedScene" id=2]
[ext_resource path="res://Assets/Enviroment/env_fancy_glowy_with_fog.tres" type="Environment" id=3]
[ext_resource path="res://Game.gd" type="Script" id=4]
[ext_resource path="res://Assets/Fonts/font_bebas_60.tres" type="DynamicFont" id=5]
[ext_resource path="res://Props/CastleWallLong.tscn" type="PackedScene" id=6]
[ext_resource path="res://Props/CastleTower.tscn" type="PackedScene" id=7]
[ext_resource path="res://Props/CastleWallHalf.tscn" type="PackedScene" id=8]
[ext_resource path="res://Props/CastleWallShort.tscn" type="PackedScene" id=9]
[ext_resource path="res://Props/CastleExitGateBroken.tscn" type="PackedScene" id=10]
[ext_resource path="res://Props/CastleWallCornerPiece.tscn" type="PackedScene" id=11]
[ext_resource path="res://Props/TreeNoLeaves1.tscn" type="PackedScene" id=12]
[ext_resource path="res://Props/TreeThicc.tscn" type="PackedScene" id=13]
[ext_resource path="res://Props/TreeNoLeaves2.tscn" type="PackedScene" id=14]
[ext_resource path="res://Props/TreeLong.tscn" type="PackedScene" id=15]
[ext_resource path="res://Interactables/ReadableGrave1.tscn" type="PackedScene" id=16]
[ext_resource path="res://POIs/POIForestWarning.gd" type="Script" id=17]
[ext_resource path="res://Interactables/ReadableGrave2.tscn" type="PackedScene" id=18]
[ext_resource path="res://Props/FenceStraight.tscn" type="PackedScene" id=19]
[ext_resource path="res://Props/FenceCurve.tscn" type="PackedScene" id=20]
[ext_resource path="res://Props/FenceWithHole.tscn" type="PackedScene" id=21]
[ext_resource path="res://Props/FenceBentBack.tscn" type="PackedScene" id=22]
[ext_resource path="res://Interactables/DestructibleFrontGate.tscn" type="PackedScene" id=23]
[ext_resource path="res://Assets/Audio/crow.ogg" type="AudioStream" id=24]
[ext_resource path="res://Utils/AmbientJukebox.gd" type="Script" id=25]
[ext_resource path="res://Interactables/GodotCrypt.tscn" type="PackedScene" id=26]
[ext_resource path="res://UI/DialogBox.tscn" type="PackedScene" id=27]
[ext_resource path="res://Props/IncastleCrate.tscn" type="PackedScene" id=28]
[ext_resource path="res://UI/InteractableOverlay.tscn" type="PackedScene" id=29]
[ext_resource path="res://Interactables/LaughingGrave.tscn" type="PackedScene" id=30]
[ext_resource path="res://UI/AbilityOverlay.tscn" type="PackedScene" id=31]
[ext_resource path="res://Props/CastleWallMid.tscn" type="PackedScene" id=32]
[ext_resource path="res://Props/GroundCobblestone.tscn" type="PackedScene" id=33]
[ext_resource path="res://Assets/Materials/mat_blue_dark.tres" type="Material" id=34]
[ext_resource path="res://Props/BrickBig.tscn" type="PackedScene" id=35]
[ext_resource path="res://Props/BrickSmall.tscn" type="PackedScene" id=36]
[ext_resource path="res://Props/BrickMid.tscn" type="PackedScene" id=37]
[ext_resource path="res://Interactables/LightPortal.tscn" type="PackedScene" id=38]
[ext_resource path="res://Props/Crystal.tscn" type="PackedScene" id=39]
[ext_resource path="res://Interactables/AutomaticDoor.tscn" type="PackedScene" id=40]
[ext_resource path="res://Interactables/AutomaticLever.tscn" type="PackedScene" id=41]
[ext_resource path="res://UI/PauseMenu.tscn" type="PackedScene" id=42]
[ext_resource path="res://POIs/CrystalPOI.gd" type="Script" id=43]
[ext_resource path="res://UI/TheEndOverlay.tscn" type="PackedScene" id=44]
[ext_resource path="res://Enemies/Zombie.tscn" type="PackedScene" id=45]
[ext_resource path="res://Props/IncastleHouse.tscn" type="PackedScene" id=46]
[ext_resource path="res://Props/IncastleWell.tscn" type="PackedScene" id=47]
[ext_resource path="res://Props/IncastleHouseSmall.tscn" type="PackedScene" id=48]
[ext_resource path="res://Props/IncastleHut.tscn" type="PackedScene" id=49]
[ext_resource path="res://Props/IncastleBarrel.tscn" type="PackedScene" id=50]
[ext_resource path="res://Props/IncastleTable.tscn" type="PackedScene" id=51]
[ext_resource path="res://Props/IncastleChair.tscn" type="PackedScene" id=52]
[ext_resource path="res://Props/IncastleBarrelTop.tscn" type="PackedScene" id=53]
[ext_resource path="res://Props/IncastleAnvil.tscn" type="PackedScene" id=54]
[ext_resource path="res://Props/IncastleHammer.tscn" type="PackedScene" id=55]
[ext_resource path="res://Props/IncastleSword.tscn" type="PackedScene" id=56]
[ext_resource path="res://Assets/Navmeshes/navmesh_castle.tres" type="NavigationMesh" id=57]
[ext_resource path="res://Props/IncastleAxe.tscn" type="PackedScene" id=58]
[ext_resource path="res://Props/IncastleSwordShort.tscn" type="PackedScene" id=59]
[ext_resource path="res://Props/Cart.tscn" type="PackedScene" id=60]
[ext_resource path="res://Props/Wheel.tscn" type="PackedScene" id=61]
[ext_resource path="res://Props/IncastleMug.tscn" type="PackedScene" id=62]
[ext_resource path="res://Props/DeadBranch.tscn" type="PackedScene" id=63]
[ext_resource path="res://Props/DeadBranchSmall.tscn" type="PackedScene" id=64]

[sub_resource type="BoxShape" id=1]
extents = Vector3( 21.3831, 5.12716, 2.78075 )

[sub_resource type="BoxShape" id=2]
extents = Vector3( 5.46344, 4.58472, 10.8725 )

[sub_resource type="BoxShape" id=3]
extents = Vector3( 1.85568, 6.03647, 11.5226 )

[sub_resource type="BoxShape" id=4]
extents = Vector3( 6.32131, 6.60333, 7.32354 )

[sub_resource type="BoxShape" id=5]
extents = Vector3( 5.46344, 5.03565, 4.49733 )

[sub_resource type="BoxShape" id=6]
extents = Vector3( 11.8134, 5.03565, 1.4253 )

[sub_resource type="BoxShape" id=7]
extents = Vector3( 22.6408, 5.23025, 0.41265 )

[sub_resource type="BoxShape" id=8]
extents = Vector3( 8.73184, 5.14599, 0.41265 )

[sub_resource type="BoxShape" id=9]
extents = Vector3( 3.95302, 5.34473, 0.41265 )

[sub_resource type="BoxShape" id=10]
extents = Vector3( 0.551083, 5.34473, 8.21076 )

[sub_resource type="BoxShape" id=11]
extents = Vector3( 1, 6.65086, 5.85509 )

[sub_resource type="BoxShape" id=12]
extents = Vector3( 1, 6.65086, 3.13512 )

[sub_resource type="BoxShape" id=13]
extents = Vector3( 1, 6.65086, 6.30473 )

[sub_resource type="BoxShape" id=14]
extents = Vector3( 1, 6.65086, 8.81409 )

[sub_resource type="CubeMesh" id=15]

[sub_resource type="BoxShape" id=16]
extents = Vector3( 4.49363, 8.47418, 1 )

[sub_resource type="BoxShape" id=17]
extents = Vector3( 8.91549, 8.47418, 1 )

[sub_resource type="BoxShape" id=18]
extents = Vector3( 11.1877, 8.47418, 1 )

[sub_resource type="BoxShape" id=19]
extents = Vector3( 16.5866, 8.47418, 2.61007 )

[sub_resource type="BoxShape" id=20]
extents = Vector3( 10.9586, 8.47418, 1 )

[sub_resource type="BoxShape" id=21]
extents = Vector3( 20.2731, 6.55711, 1.87577 )

[sub_resource type="BoxShape" id=22]
extents = Vector3( 20.2731, 6.55711, 0.319071 )

[sub_resource type="BoxShape" id=23]
extents = Vector3( 9.35898, 6.55711, 0.319071 )

[sub_resource type="BoxShape" id=24]
extents = Vector3( 3.35156, 6.55711, 2.66218 )

[sub_resource type="BoxShape" id=25]
extents = Vector3( 4.52443, 6.55711, 0.319071 )

[sub_resource type="BoxShape" id=26]
extents = Vector3( 1, 6.55238, 18.5642 )

[sub_resource type="BoxShape" id=27]
extents = Vector3( 7.05816, 4.38029, 8.10308 )

[sub_resource type="BoxShape" id=28]
extents = Vector3( 3.77311, 5.10357, 9.91623 )

[sub_resource type="BoxShape" id=29]
extents = Vector3( 0.461225, 1.1898, 1 )

[node name="Game" type="Spatial"]
pause_mode = 1
script = ExtResource( 4 )

[node name="UI" type="Control" parent="."]
anchor_right = 1.0
anchor_bottom = 1.0
__meta__ = {
"_edit_use_anchors_": false
}

[node name="MarginContainer" type="MarginContainer" parent="UI"]
anchor_left = 1.0
anchor_right = 1.0
margin_left = -112.0
margin_bottom = 108.0
custom_constants/margin_right = 50
custom_constants/margin_top = 50
__meta__ = {
"_edit_use_anchors_": false
}

[node name="FpsLabel" type="Label" parent="UI/MarginContainer"]
margin_top = 50.0
margin_right = 62.0
margin_bottom = 108.0
custom_fonts/font = ExtResource( 5 )
text = "00"
__meta__ = {
"_edit_use_anchors_": false
}

[node name="DialogBox" parent="UI" instance=ExtResource( 27 )]
margin_left = 0.0
margin_top = 0.0
margin_right = 0.0
margin_bottom = 0.0

[node name="InteractableOverlay" parent="UI" instance=ExtResource( 29 )]
visible = false

[node name="AbilityOverlay" parent="UI" instance=ExtResource( 31 )]
visible = false
player = NodePath("../../Player")

[node name="PauseMenu" parent="UI" instance=ExtResource( 42 )]

[node name="TheEndOverlay" parent="UI" instance=ExtResource( 44 )]
visible = false

[node name="IntroStartTimer" type="Timer" parent="."]
wait_time = 1.25
one_shot = true
autostart = true

[node name="AmbientSounds" type="Spatial" parent="."]
__meta__ = {
"_edit_group_": true,
"_edit_lock_": true
}

[node name="Crows" type="Spatial" parent="AmbientSounds"]
script = ExtResource( 25 )
initial_wait_time = 3.0
wait_time = 42.0
listener = NodePath("../../Player")

[node name="CrowSound" type="AudioStreamPlayer3D" parent="AmbientSounds/Crows"]
transform = Transform( 1, 0, 0, 0, 1, 0, 0, 0, 1, 24.5594, 7.5402, 43.9931 )
stream = ExtResource( 24 )
bus = "AmbientSounds"

[node name="CrowSound2" type="AudioStreamPlayer3D" parent="AmbientSounds/Crows"]
transform = Transform( 1, 0, 0, 0, 1, 0, 0, 0, 1, -28.3494, 7.5402, 31.151 )
stream = ExtResource( 24 )
bus = "AmbientSounds"

[node name="CrowSound3" type="AudioStreamPlayer3D" parent="AmbientSounds/Crows"]
transform = Transform( 1, 0, 0, 0, 1, 0, 0, 0, 1, -5.08252, 7.5402, 13.8191 )
stream = ExtResource( 24 )
bus = "AmbientSounds"

[node name="CrowSound5" type="AudioStreamPlayer3D" parent="AmbientSounds/Crows"]
transform = Transform( 1, 0, 0, 0, 1, 0, 0, 0, 1, -12.4074, 7.5402, -26.5994 )
stream = ExtResource( 24 )
bus = "AmbientSounds"

[node name="CrowSound6" type="AudioStreamPlayer3D" parent="AmbientSounds/Crows"]
transform = Transform( 1, 0, 0, 0, 1, 0, 0, 0, 1, 23.754, 7.5402, -3.42445 )
stream = ExtResource( 24 )
bus = "AmbientSounds"

[node name="CrowSound7" type="AudioStreamPlayer3D" parent="AmbientSounds/Crows"]
transform = Transform( 1, 0, 0, 0, 1, 0, 0, 0, 1, -28.2408, 7.5402, -3.42445 )
stream = ExtResource( 24 )
bus = "AmbientSounds"

[node name="CrowSound8" type="AudioStreamPlayer3D" parent="AmbientSounds/Crows"]
transform = Transform( 1, 0, 0, 0, 1, 0, 0, 0, 1, -43.3683, 7.5402, 4.63486 )
stream = ExtResource( 24 )
bus = "AmbientSounds"

[node name="CrowSound9" type="AudioStreamPlayer3D" parent="AmbientSounds/Crows"]
transform = Transform( 1, 0, 0, 0, 1, 0, 0, 0, 1, -43.3683, 7.5402, -23.616 )
stream = ExtResource( 24 )
bus = "AmbientSounds"

[node name="CrowSound4" type="AudioStreamPlayer3D" parent="AmbientSounds/Crows"]
transform = Transform( 1, 0, 0, 0, 1, 0, 0, 0, 1, -16.185, -13.4376, 27.1296 )
stream = ExtResource( 24 )
bus = "AmbientSounds"

[node name="Player" parent="." instance=ExtResource( 2 )]
transform = Transform( 1, 0, 0, 0, 1, 0, 0, 0, 1, -4.54934, 5.5808, 26.7576 )
evirorment = ExtResource( 3 )
dialog_box = NodePath("../UI/DialogBox")
speed = 4.0

[node name="Forest" type="Spatial" parent="."]

[node name="StaticBody" type="StaticBody" parent="Forest"]
collision_layer = 2
collision_mask = 5

[node name="CollisionShape" type="CollisionShape" parent="Forest/StaticBody"]
transform = Transform( 1, 0, 0, 0, 1, 0, 0, 0, 1, -9.00835, 5.11113, 38.0071 )
shape = SubResource( 1 )

[node name="CollisionShape2" type="CollisionShape" parent="Forest/StaticBody"]
transform = Transform( 1, 0, 0, 0, 1, 0, 0, 0, 1, 10.0021, 4.60303, 28.5475 )
shape = SubResource( 2 )

[node name="CollisionShape4" type="CollisionShape" parent="Forest/StaticBody"]
transform = Transform( 1, 0, 0, 0, 1, 0, 0, 0, 1, 6.53104, 1.69372, 29.2005 )
shape = SubResource( 3 )

[node name="CollisionShape5" type="CollisionShape" parent="Forest/StaticBody"]
transform = Transform( 1, 0, 0, 0, 1, 0, 0, 0, 1, -35.0722, 6.06619, 34.4766 )
shape = SubResource( 4 )

[node name="CollisionShape6" type="CollisionShape" parent="Forest/StaticBody"]
transform = Transform( 1, 0, 0, 0, 1, 0, 0, 0, 1, -34.4839, 4.79944, 18.1649 )
shape = SubResource( 5 )

[node name="CollisionShape7" type="CollisionShape" parent="Forest/StaticBody"]
transform = Transform( 1, 0, 0, 0, 1, 0, 0, 0, 1, -46.1632, 4.79944, 8.9233 )
shape = SubResource( 6 )

[node name="POIForestWarning" type="Area" parent="Forest"]
collision_layer = 2
script = ExtResource( 17 )
dialog_box = NodePath("../../UI/DialogBox")

[node name="CollisionShape" type="CollisionShape" parent="Forest/POIForestWarning"]
transform = Transform( 1, 0, 0, 0, 1, 0, 0, 0, 1, -10.6343, 5.25615, 35.1173 )
shape = SubResource( 7 )

[node name="CollisionShape2" type="CollisionShape" parent="Forest/POIForestWarning"]
transform = Transform( -4.37114e-08, 0, 1, 0, 1, 0, -1, 0, -4.37114e-08, 4.5145, 5.15974, 26.5632 )
shape = SubResource( 8 )

[node name="CollisionShape3" type="CollisionShape" parent="Forest/POIForestWarning"]
transform = Transform( -4.37114e-08, 0, 1, 0, 1, 0, -1, 0, -4.37114e-08, -28.8956, 5.15131, 31.0075 )
shape = SubResource( 9 )

[node name="CollisionShape4" type="CollisionShape" parent="Forest/POIForestWarning"]
transform = Transform( -4.37114e-08, 0, 1, 0, 1, 0, -1, 0, -4.37114e-08, -28.9432, 5.44339, 18.5826 )
shape = SubResource( 9 )

[node name="CollisionShape5" type="CollisionShape" parent="Forest/POIForestWarning"]
transform = Transform( -4.37114e-08, 0, 1, 0, 1, 0, -1, 0, -4.37114e-08, -42.8788, 5.44339, 7.43477 )
shape = SubResource( 10 )

[node name="GodotCrypt" parent="Forest" instance=ExtResource( 26 )]
transform = Transform( -4.37114e-08, 0, 1, 0, 1, 0, -1, 0, -4.37114e-08, -30.4109, 0.258159, 24.9455 )
dialog_box = NodePath("../../UI/DialogBox")
interact_overlay = NodePath("../../UI/InteractableOverlay")

[node name="FriendlyZombies" type="Spatial" parent="Forest"]

[node name="Zombie" parent="Forest/FriendlyZombies" instance=ExtResource( 45 )]
transform = Transform( 0.999856, 0, 0.0169647, 0, 1, 0, -0.0169647, 0, 0.999856, 1.363, 0.573392, 51.3322 )

[node name="Zombie2" parent="Forest/FriendlyZombies" instance=ExtResource( 45 )]
transform = Transform( 0.863308, 0, -0.504678, 0, 1, 0, 0.504678, 0, 0.863308, -29.9249, 0.573392, 48.51 )

[node name="Zombie4" parent="Forest/FriendlyZombies" instance=ExtResource( 45 )]
transform = Transform( 0.392482, 0, -0.91976, 0, 1, 0, 0.91976, 0, 0.392482, -43.7944, 0.573392, 36.9676 )

[node name="Zombie3" parent="Forest/FriendlyZombies" instance=ExtResource( 45 )]
transform = Transform( 0.0455539, 0, 0.998962, 0, 1, 0, -0.998962, 0, 0.0455539, 21.6873, 0.573392, 29.1158 )

[node name="Graveyard" type="Spatial" parent="Forest"]

[node name="ReadableGrave1" parent="Forest/Graveyard" instance=ExtResource( 16 )]
transform = Transform( -4.37114e-08, 0, 1, 0, 1, 0, -1, 0, -4.37114e-08, -13.1963, 0.182783, 30.4966 )
dialog_box = NodePath("../../../UI/DialogBox")
interact_overlay = NodePath("../../../UI/InteractableOverlay")
grave_text = "Rest in peace, Unreal."

[node name="ReadableGrave4" parent="Forest/Graveyard" instance=ExtResource( 16 )]
transform = Transform( 0.07195, 0, 0.997408, 0, 1, 0, -0.997408, 0, 0.07195, -13.4135, 0.182783, 23.3928 )
dialog_box = NodePath("../../../UI/DialogBox")
interact_overlay = NodePath("../../../UI/InteractableOverlay")
grave_text = "Here lies Lumberyard. May you rest in peace!"

[node name="ReadableGrave6" parent="Forest/Graveyard" instance=ExtResource( 16 )]
transform = Transform( -0.0354577, 0, 0.999371, 0, 1, 0, -0.999371, 0, -0.0354577, -20.6062, 0.182783, 27.114 )
dialog_box = NodePath("../../../UI/DialogBox")
interact_overlay = NodePath("../../../UI/InteractableOverlay")
grave_text = "Rest in peace, CryEngine."

[node name="ReadableGrave5" parent="Forest/Graveyard" instance=ExtResource( 16 )]
transform = Transform( 0.278354, 0, 0.960478, 0, 1, 0, -0.960478, 0, 0.278354, -20.3964, 0.182783, 20.9629 )
dialog_box = NodePath("../../../UI/DialogBox")
interact_overlay = NodePath("../../../UI/InteractableOverlay")
grave_text = "Rest in peace, GameMaker."

[node name="ReadableGrave" parent="Forest/Graveyard" instance=ExtResource( 18 )]
transform = Transform( -4.37114e-08, 0, 1, 0, 1, 0, -1, 0, -4.37114e-08, -19.9718, 0.118193, 30.3445 )
dialog_box = NodePath("../../../UI/DialogBox")
interact_overlay = NodePath("../../../UI/InteractableOverlay")
grave_text = "RIP RPGMaker."

[node name="ReadableGrave2" parent="Forest/Graveyard" instance=ExtResource( 18 )]
transform = Transform( -0.0285846, 0, 0.999591, 0, 1, 0, -0.999591, 0, -0.0285846, -12.938, 0.118193, 20.0747 )
dialog_box = NodePath("../../../UI/DialogBox")
interact_overlay = NodePath("../../../UI/InteractableOverlay")
grave_text = "RIP, Construct."

[node name="ReadableGrave3" parent="Forest/Graveyard" instance=ExtResource( 18 )]
transform = Transform( -0.0238215, 0, 0.999716, 0, 1, 0, -0.999716, 0, -0.0238215, -13.1523, 0.118193, 26.9953 )
dialog_box = NodePath("../../../UI/DialogBox")
interact_overlay = NodePath("../../../UI/InteractableOverlay")
grave_text = "Here lies Unity. May you rest in peace!"

[node name="FenceStraight" parent="Forest/Graveyard" instance=ExtResource( 19 )]
transform = Transform( -4.37114e-08, 0, -1, 0, 1, 0, 1, 0, -4.37114e-08, -24.3322, 0.0864053, 18.936 )

[node name="FenceStraight4" parent="Forest/Graveyard" instance=ExtResource( 19 )]
transform = Transform( -4.37114e-08, 0, -1, 0, 1, 0, 1, 0, -4.37114e-08, -24.4014, 0.0864053, 27.3777 )

[node name="FenceStraight6" parent="Forest/Graveyard" instance=ExtResource( 19 )]
transform = Transform( -1, 0, 8.74228e-08, 0, 1, 0, -8.74228e-08, 0, -1, -14.656, 0.0735464, 32.0673 )

[node name="FenceStraight7" parent="Forest/Graveyard" instance=ExtResource( 19 )]
transform = Transform( -1, 0, 8.74228e-08, 0, 1, 0, -8.74228e-08, 0, -1, -20.6415, 0.0727777, 32.0672 )

[node name="FenceStraight9" parent="Forest/Graveyard" instance=ExtResource( 19 )]
transform = Transform( -1, 0, 8.74228e-08, 0, 1, 0, -8.74228e-08, 0, -1, -11.6452, 0.0735464, 32.0673 )

[node name="FenceStraight5" parent="Forest/Graveyard" instance=ExtResource( 19 )]
transform = Transform( -4.37114e-08, 0, -1, 0, 1, 0, 1, 0, -4.37114e-08, -24.3384, 0.0864053, 29.3734 )

[node name="FenceStraight3" parent="Forest/Graveyard" instance=ExtResource( 19 )]
transform = Transform( -4.37114e-08, 0, -1, 0, 1, 0, 1, 0, -4.37114e-08, -24.3556, 0.110134, 21.9372 )

[node name="FenceStraight8" parent="Forest/Graveyard" instance=ExtResource( 19 )]
transform = Transform( -4.37114e-08, 0, -1, 0, 1, 0, 1, 0, -4.37114e-08, -8.89319, 0.110134, 19.1522 )

[node name="FenceCurve" parent="Forest/Graveyard" instance=ExtResource( 20 )]
transform = Transform( -0.0376902, 0, 0.999289, 0, 1, 0, -0.999289, 0, -0.0376902, -23.4423, 0.0585638, 31.7741 )

[node name="FenceCurve2" parent="Forest/Graveyard" instance=ExtResource( 20 )]
transform = Transform( -0.999289, 0, -0.0376903, 0, 1, 0, 0.0376903, 0, -0.999289, -9.27272, 0.0585638, 31.2423 )

[node name="FenceWithHole" parent="Forest/Graveyard" instance=ExtResource( 21 )]
transform = Transform( -0.00837753, 0, -0.999965, 0, 1, 0, 0.999965, 0, -0.00837753, -24.3512, 0.141256, 24.8997 )

[node name="FenceWithHole2" parent="Forest/Graveyard" instance=ExtResource( 21 )]
transform = Transform( 1, 0, 0, 0, 1, 0, 0, 0, 1, -17.7917, 0, 32.2082 )

[node name="FenceWithHole4" parent="Forest/Graveyard" instance=ExtResource( 21 )]
transform = Transform( -4.37114e-08, 0, -1, 0, 1, 0, 1, 0, -4.37114e-08, -8.93371, 0.0800126, 22.082 )

[node name="FenceBentBack" parent="Forest/Graveyard" instance=ExtResource( 22 )]
transform = Transform( -4.37114e-08, 0, -1, 0, 1, 0, 1, 0, -4.37114e-08, -8.98137, 0.0851482, 28.4786 )

[node name="IncastleSword" parent="Forest/Graveyard" instance=ExtResource( 56 )]
transform = Transform( 0.725348, -0.305265, -0.616996, 0.0784309, 0.92711, -0.366492, 0.6839, 0.217443, 0.696419, -10.221, -1.43536, 30.6729 )

[node name="IncastleSword2" parent="Forest/Graveyard" instance=ExtResource( 56 )]
transform = Transform( 0.846197, -0.256272, -0.467199, 0.0784309, 0.92711, -0.366492, 0.527066, 0.273482, 0.804617, -21.5653, -1.05081, 18.9821 )

[node name="DeadBranchSmall" parent="Forest/Graveyard" instance=ExtResource( 64 )]
transform = Transform( -0.45109, -0.452378, -0.769332, -0.0364414, 0.870634, -0.490579, 0.891734, -0.19326, -0.40922, 5.92197, 0.118145, 31.13 )

[node name="DeadBranchSmall2" parent="Forest/Graveyard" instance=ExtResource( 64 )]
transform = Transform( 0.876418, 0.0267032, 0.480809, 0.165688, 0.920776, -0.353154, -0.452148, 0.389175, 0.802561, -5.02729, 0.156673, 20.2421 )

[node name="DeadBranchSmall4" parent="Forest/Graveyard" instance=ExtResource( 64 )]
transform = Transform( -0.437378, 0.752616, 0.492209, -0.831229, -0.547209, 0.0980825, 0.34316, -0.366239, 0.864933, -27.7435, -0.131501, 19.8287 )

[node name="DeadBranchSmall5" parent="Forest/Graveyard" instance=ExtResource( 64 )]
transform = Transform( -0.437378, 0.752616, 0.492209, -0.831229, -0.547209, 0.0980825, 0.34316, -0.366239, 0.864933, -20.5314, -0.1315, 23.9851 )

[node name="Trees" type="Spatial" parent="Forest"]

[node name="TreeNoLeaves25" parent="Forest/Trees" instance=ExtResource( 14 )]
transform = Transform( 0.611347, 0, 0.791362, 0, 1, 0, -0.791362, 0, 0.611347, -28.7898, 0, 47.3177 )

[node name="TreeNoLeaves34" parent="Forest/Trees" instance=ExtResource( 14 )]
transform = Transform( -0.386325, 0, 0.922362, 0, 1, 0, -0.922362, 0, -0.386325, -42.5819, 0, 35.3716 )

[node name="TreeNoLeaves33" parent="Forest/Trees" instance=ExtResource( 14 )]
transform = Transform( -0.851671, 0, -0.524075, 0, 1, 0, 0.524075, 0, -0.851671, -31.4127, 0, 41.6827 )

[node name="TreeNoLeaves26" parent="Forest/Trees" instance=ExtResource( 14 )]
transform = Transform( 0.098399, 0, -0.995147, 0, 1, 0, 0.995147, 0, 0.098399, -16.7291, 0, 39.4562 )

[node name="TreeNoLeaves1" parent="Forest/Trees" instance=ExtResource( 12 )]
transform = Transform( 1, 0, 0, 0, 1, 0, 0, 0, 1, -47.8623, 0.00864697, 17.1178 )

[node name="TreeNoLeaves11" parent="Forest/Trees" instance=ExtResource( 12 )]
transform = Transform( 0.114608, 0, 0.993411, 0, 1, 0, -0.993411, 0, 0.114608, -50.6834, 0.00864697, 12.4459 )

[node name="TreeNoLeaves13" parent="Forest/Trees" instance=ExtResource( 14 )]
transform = Transform( 1, 0, 0, 0, 1, 0, 0, 0, 1, -40.6988, -0.102857, 7.87539 )

[node name="TreeLong10" parent="Forest/Trees" instance=ExtResource( 15 )]
transform = Transform( 0.395866, 0, -0.918308, 0, 1, 0, 0.918308, 0, 0.395866, -44.7658, 0.00788188, 11.8291 )

[node name="TreeLong13" parent="Forest/Trees" instance=ExtResource( 15 )]
transform = Transform( 0.708512, 0, 0.705698, 0, 1, 0, -0.705698, 0, 0.708512, -36.1378, 0.00788188, 11.8291 )

[node name="TreeLong3" parent="Forest/Trees" instance=ExtResource( 15 )]
transform = Transform( -0.975542, 0, 0.219812, 0, 1, 0, -0.219812, 0, -0.975542, 10.4744, 0, 21.8007 )

[node name="TreeNoLeaves15" parent="Forest/Trees" instance=ExtResource( 14 )]
transform = Transform( 0.0980345, 0, 0.995183, 0, 1, 0, -0.995183, 0, 0.0980345, 15.2462, 0, 25.782 )

[node name="TreeNoLeaves16" parent="Forest/Trees" instance=ExtResource( 14 )]
transform = Transform( 0.0980345, 0, 0.995183, 0.00661762, 0.999978, -0.000651896, -0.995161, 0.00664966, 0.0980323, 13.0249, 0, 28.3857 )

[node name="TreeNoLeaves17" parent="Forest/Trees" instance=ExtResource( 14 )]
transform = Transform( -0.854658, 0, 0.519191, 0, 1, 0, -0.519191, 0, -0.854658, 20.7434, 0, 28.3857 )

[node name="TreeNoLeaves19" parent="Forest/Trees" instance=ExtResource( 14 )]
transform = Transform( 0.857903, 0, 0.513811, 0, 1, 0, -0.513811, 0, 0.857903, 8.58608, 0, 32.9591 )

[node name="TreeNoLeaves32" parent="Forest/Trees" instance=ExtResource( 14 )]
transform = Transform( -0.87429, 0, 0.485405, 0, 1, 0, -0.485405, 0, -0.87429, 5.90688, 0, 22.5502 )

[node name="TreeLong4" parent="Forest/Trees" instance=ExtResource( 15 )]
transform = Transform( 0.937008, 0, 0.349308, 0, 1, 0, -0.349308, 0, 0.937008, 15.2406, 0, 30.9204 )

[node name="TreeLong8" parent="Forest/Trees" instance=ExtResource( 15 )]
transform = Transform( -0.995995, 0, -0.0894164, 0, 1, 0, 0.0894164, 0, -0.995995, 4.50133, -0.580897, 19.3127 )

[node name="TreeNoLeaves28" parent="Forest/Trees" instance=ExtResource( 14 )]
transform = Transform( 0.0980345, 0, 0.995183, 0, 1, 0, -0.995183, 0, 0.0980345, 8.43517, -1.90735e-06, 37.2861 )

[node name="TreeLong5" parent="Forest/Trees" instance=ExtResource( 15 )]
transform = Transform( 0.937008, 0, 0.349308, 0, 1, 0, -0.349308, 0, 0.937008, 12.8865, -1.90735e-06, 38.6006 )

[node name="TreeNoLeaves9" parent="Forest/Trees" instance=ExtResource( 12 )]
transform = Transform( 0.794489, 0, 0.607279, 0, 1, 0, -0.607279, 0, 0.794489, -5.03884, 0, 39.6147 )

[node name="TreeNoLeaves23" parent="Forest/Trees" instance=ExtResource( 14 )]
transform = Transform( 0.990136, 0, -0.140106, 0, 1, 0, 0.140106, 0, 0.990136, -7.17149, 0, 48.821 )

[node name="TreeNoLeaves24" parent="Forest/Trees" instance=ExtResource( 14 )]
transform = Transform( 0.672832, 0, 0.739796, 0, 1, 0, -0.739796, 0, 0.672832, -36.2521, -1.90735e-06, 23.2617 )

[node name="TreeNoLeaves27" parent="Forest/Trees" instance=ExtResource( 14 )]
transform = Transform( 0.993764, 0, -0.111504, 0, 1, 0, 0.111504, 0, 0.993764, -34.2491, -1.90735e-06, 29.0841 )

[node name="TreeNoLeaves21" parent="Forest/Trees" instance=ExtResource( 14 )]
transform = Transform( 0.794489, 0, 0.607279, 0, 1, 0, -0.607279, 0, 0.794489, 12.7141, -1.90735e-06, 44.4349 )

[node name="TreeNoLeaves29" parent="Forest/Trees" instance=ExtResource( 14 )]
transform = Transform( 0.955886, 0, -0.29374, 0, 1, 0, 0.29374, 0, 0.955886, 7.93571, -1.90735e-06, 44.4349 )

[node name="TreeNoLeaves30" parent="Forest/Trees" instance=ExtResource( 14 )]
transform = Transform( 0.770691, 0, 0.637209, 0, 1, 0, -0.637209, 0, 0.770691, -2.59617, -1.90735e-06, 44.4349 )

[node name="TreeNoLeaves31" parent="Forest/Trees" instance=ExtResource( 14 )]
transform = Transform( 0.770691, 0, 0.637209, 0, 1, 0, -0.637209, 0, 0.770691, 2.1327, -1.90735e-06, 49.9224 )

[node name="TreeNoLeaves18" parent="Forest/Trees" instance=ExtResource( 14 )]
transform = Transform( 0.794489, 0, 0.607279, 0, 1, 0, -0.607279, 0, 0.794489, 20.6811, 0, 34.5241 )

[node name="TreeNoLeaves22" parent="Forest/Trees" instance=ExtResource( 14 )]
transform = Transform( 0.17176, 0, 0.730068, 0, 0.75, 0, -0.730068, 0, 0.17176, 7.23012, 0, 27.7002 )

[node name="TreeNoLeaves5" parent="Forest/Trees" instance=ExtResource( 12 )]
transform = Transform( 0.682241, 0, 0.731128, 0, 1, 0, -0.731128, 0, 0.682241, -19.805, 0, 35.8459 )

[node name="TreeNoLeaves6" parent="Forest/Trees" instance=ExtResource( 12 )]
transform = Transform( 0.682241, 0, 0.731128, 0, 1, 0, -0.731128, 0, 0.682241, -19.805, 0, 35.8459 )

[node name="TreeNoLeaves7" parent="Forest/Trees" instance=ExtResource( 14 )]
transform = Transform( 0.847122, 0, -0.531399, 0, 1, 0, 0.531399, 0, 0.847122, -8.7102, 0, 42.4911 )

[node name="TreeNoLeaves10" parent="Forest/Trees" instance=ExtResource( 14 )]
transform = Transform( 0.847122, 0, -0.531399, 0, 1, 0, 0.531399, 0, 0.847122, -0.817369, 0, 36.4324 )

[node name="TreeNoLeaves12" parent="Forest/Trees" instance=ExtResource( 14 )]
transform = Transform( 0.682241, 0, 0.731128, 0, 1, 0, -0.731128, 0, 0.682241, -29.489, 0, 16.7273 )

[node name="TreeNoLeaves8" parent="Forest/Trees" instance=ExtResource( 14 )]
transform = Transform( 0.847122, 0, -0.531399, 0, 1, 0, 0.531399, 0, 0.847122, -12.424, 0, 36.2771 )

[node name="TreeLong2" parent="Forest/Trees" instance=ExtResource( 15 )]
transform = Transform( 0.95657, 0, -0.291504, 0, 1, 0, 0.291504, 0, 0.95657, -13.2125, 0, 39.9368 )

[node name="TreeLong11" parent="Forest/Trees" instance=ExtResource( 15 )]
transform = Transform( -0.551311, 0, -0.8343, 0, 1, 0, 0.8343, 0, -0.551311, -3.40948, 0, 47.2535 )

[node name="TreeLong6" parent="Forest/Trees" instance=ExtResource( 15 )]
transform = Transform( 0.604432, 0, 0.796657, 0, 1, 0, -0.796657, 0, 0.604432, -7.55286, 0, 37.233 )

[node name="TreeLong7" parent="Forest/Trees" instance=ExtResource( 15 )]
transform = Transform( -0.886874, 0, 0.462012, 0, 1, 0, -0.462012, 0, -0.886874, 2.35709, 0, 41.455 )

[node name="TreeThicc2" parent="Forest/Trees" instance=ExtResource( 13 )]
transform = Transform( 0.682241, 0, 0.731128, 0, 1, 0, -0.731128, 0, 0.682241, -22.1343, 0, 39.4579 )

[node name="TreeThicc3" parent="Forest/Trees" instance=ExtResource( 13 )]
transform = Transform( 0.682241, 0, 0.731128, 0, 1, 0, -0.731128, 0, 0.682241, 5.0599, 0, 39.4579 )

[node name="TreeNoLeaves4" parent="Forest/Trees" instance=ExtResource( 12 )]
transform = Transform( -0.0100528, 0, -0.999949, 0, 1, 0, 0.999949, 0, -0.0100528, -38.6964, 0, 27.1923 )

[node name="TreeNoLeaves2" parent="Forest/Trees" instance=ExtResource( 14 )]
transform = Transform( 1, 0, 0, 0, 1, 0, 0, 0, 1, -23.0735, 0, 36.8174 )

[node name="TreeNoLeaves3" parent="Forest/Trees" instance=ExtResource( 14 )]
transform = Transform( 1, 0, 0, 0, 1, 0, 0, 0, 1, -27.9811, 0.0144217, 35.9044 )

[node name="TreeLong" parent="Forest/Trees" instance=ExtResource( 15 )]
transform = Transform( 0.439484, 0, -0.89825, 0, 1, 0, 0.89825, 0, 0.439484, -31.0191, 0, 37.5944 )

[node name="TreeLong12" parent="Forest/Trees" instance=ExtResource( 15 )]
transform = Transform( 0.439484, 0, -0.89825, 0, 1, 0, 0.89825, 0, 0.439484, -13.5685, -0.652672, 47.1181 )

[node name="TreeLong9" parent="Forest/Trees" instance=ExtResource( 15 )]
transform = Transform( 0.439484, 0, -0.89825, 0, 1, 0, 0.89825, 0, 0.439484, -19.4884, 0, 41.9546 )

[node name="TreeThicc" parent="Forest/Trees" instance=ExtResource( 13 )]
transform = Transform( 1, 0, 0, 0, 1, 0, 0, 0, 1, -33.0298, 0, 34.0656 )

[node name="TreeThicc5" parent="Forest/Trees" instance=ExtResource( 13 )]
transform = Transform( 0.999913, 0.0131594, 0, -0.0131594, 0.999913, 0, 0, 0, 1, -30.0389, -9.53674e-07, 30.3086 )

[node name="TreeThicc6" parent="Forest/Trees" instance=ExtResource( 13 )]
transform = Transform( 1, 0, 0, 0, 1, 0, 0, 0, 1, -33.3972, 0, 17.363 )

[node name="TreeThicc7" parent="Forest/Trees" instance=ExtResource( 13 )]
transform = Transform( 1, 0, 0, 0, 1, 0, 0, 0, 1, -38.618, 0, 19.9424 )

[node name="Grass" type="Spatial" parent="Forest"]
__meta__ = {
"_edit_group_": true,
"_edit_lock_": true
}

[node name="Grass" parent="Forest/Grass" instance=ExtResource( 1 )]
transform = Transform( 1, 0, 0, 0, 1, 0, 0, 0, 1, -29.4625, 0, 20.9167 )

[node name="Grass3" parent="Forest/Grass" instance=ExtResource( 1 )]
transform = Transform( 1, 0, 0, 0, 1, 0, 0, 0, 1, -19.4625, 0, 20.9167 )

[node name="Grass4" parent="Forest/Grass" instance=ExtResource( 1 )]
transform = Transform( 1, 0, 0, 0, 1, 0, 0, 0, 1, -9.46254, 0, 20.9167 )

[node name="Grass5" parent="Forest/Grass" instance=ExtResource( 1 )]
transform = Transform( 1, 0, 0, 0, 1, 0, 0, 0, 1, 0.537, 0, 20.9163 )

[node name="Grass6" parent="Forest/Grass" instance=ExtResource( 1 )]
transform = Transform( 1, 0, 0, 0, 1, 0, 0, 0, 1, 10.5375, 0, 20.9167 )
grass_count = 100

[node name="Grass7" parent="Forest/Grass" instance=ExtResource( 1 )]
transform = Transform( 1, 0, 0, 0, 1, 0, 0, 0, 1, 10.5375, 0, 30.9167 )
grass_count = 100

[node name="Grass8" parent="Forest/Grass" instance=ExtResource( 1 )]
transform = Transform( 1, 0, 0, 0, 1, 0, 0, 0, 1, 0.537464, 0, 30.9167 )

[node name="Grass9" parent="Forest/Grass" instance=ExtResource( 1 )]
transform = Transform( 1, 0, 0, 0, 1, 0, 0, 0, 1, -9.46254, 0, 30.9167 )

[node name="Grass10" parent="Forest/Grass" instance=ExtResource( 1 )]
transform = Transform( 1, 0, 0, 0, 1, 0, 0, 0, 1, -19.4625, 0, 30.9167 )

[node name="Grass11" parent="Forest/Grass" instance=ExtResource( 1 )]
transform = Transform( 1, 0, 0, 0, 1, 0, 0, 0, 1, -29.4625, 0, 30.9167 )

[node name="Grass12" parent="Forest/Grass" instance=ExtResource( 1 )]
transform = Transform( 1, 0, 0, 0, 1, 0, 0, 0, 1, -29.4625, 0, 40.9167 )
grass_count = 100

[node name="Grass17" parent="Forest/Grass" instance=ExtResource( 1 )]
transform = Transform( 1, 0, 0, 0, 1, 0, 0, 0, 1, -37.5689, 0, 10.9136 )
grass_count = 100

[node name="Grass18" parent="Forest/Grass" instance=ExtResource( 1 )]
transform = Transform( 1, 0, 0, 0, 1, 0, 0, 0, 1, -37.5689, 0, 0.913622 )

[node name="Grass19" parent="Forest/Grass" instance=ExtResource( 1 )]
transform = Transform( 1, 0, 0, 0, 1, 0, 0, 0, 1, -37.5689, 0, -9.08638 )

[node name="Grass20" parent="Forest/Grass" instance=ExtResource( 1 )]
transform = Transform( 1, 0, 0, 0, 1, 0, 0, 0, 1, -37.5689, 0, -19.0864 )

[node name="Grass21" parent="Forest/Grass" instance=ExtResource( 1 )]
transform = Transform( 1, 0, 0, 0, 1, 0, 0, 0, 1, -37.5689, 0, -29.0864 )

[node name="Grass22" parent="Forest/Grass" instance=ExtResource( 1 )]
transform = Transform( 1, 0, 0, 0, 1, 0, 0, 0, 1, -47.5689, 0, 10.9136 )
grass_count = 100

[node name="Grass23" parent="Forest/Grass" instance=ExtResource( 1 )]
transform = Transform( 1, 0, 0, 0, 1, 0, 0, 0, 1, -47.5689, 0, 0.913622 )

[node name="Grass24" parent="Forest/Grass" instance=ExtResource( 1 )]
transform = Transform( 1, 0, 0, 0, 1, 0, 0, 0, 1, -47.5689, 0, -9.08638 )

[node name="Grass25" parent="Forest/Grass" instance=ExtResource( 1 )]
transform = Transform( 1, 0, 0, 0, 1, 0, 0, 0, 1, -47.5689, 0, -19.0864 )

[node name="Grass26" parent="Forest/Grass" instance=ExtResource( 1 )]
transform = Transform( 1, 0, 0, 0, 1, 0, 0, 0, 1, -47.5689, 0, -29.0864 )

[node name="Grass13" parent="Forest/Grass" instance=ExtResource( 1 )]
transform = Transform( 1, 0, 0, 0, 1, 0, 0, 0, 1, -19.4625, 0, 40.9167 )
grass_count = 100

[node name="Grass14" parent="Forest/Grass" instance=ExtResource( 1 )]
transform = Transform( 1, 0, 0, 0, 1, 0, 0, 0, 1, -9.46254, 0, 40.9167 )
grass_count = 100

[node name="Grass15" parent="Forest/Grass" instance=ExtResource( 1 )]
transform = Transform( 1, 0, 0, 0, 1, 0, 0, 0, 1, 0.537464, 0, 40.9167 )
grass_count = 100

[node name="Grass16" parent="Forest/Grass" instance=ExtResource( 1 )]
transform = Transform( 1, 0, 0, 0, 1, 0, 0, 0, 1, 10.5375, 0, 40.9167 )
grass_count = 100

[node name="Cart" parent="Forest" instance=ExtResource( 60 )]
transform = Transform( -0.421836, 0.108921, -0.900106, 0.250008, 0.968244, 0, 0.871522, -0.225034, -0.435671, 3.41091, 1.12657, 37.6104 )

[node name="Wheel" parent="Forest" instance=ExtResource( 61 )]
transform = Transform( 0.990482, -0.132303, 0.0379635, 0.0973517, 0.868357, 0.486291, -0.0973037, -0.477966, 0.872972, 4.11032, 0.804067, 19.8951 )

[node name="IncastleCrate" parent="Forest" instance=ExtResource( 28 )]
transform = Transform( 1, 0, 0, 0, 1, 0, 0, 0, 1, 1.97937, 0.0205789, 18.7372 )

[node name="IncastleCrate3" parent="Forest" instance=ExtResource( 28 )]
transform = Transform( 0.16119, 0, -0.986923, 0, 1, 0, 0.986923, 0, 0.16119, 1.93314, 1.11053, 18.7801 )

[node name="IncastleCrate2" parent="Forest" instance=ExtResource( 28 )]
transform = Transform( 0.10432, 0, -0.994544, 0, 1, 0, 0.994544, 0, 0.10432, 0.49342, 0.0205789, 18.6633 )

[node name="IncastleSword" parent="Forest" instance=ExtResource( 56 )]
transform = Transform( 0.991887, -0.105155, -0.0714359, 0.118999, 0.965705, 0.230767, 0.0447197, -0.237396, 0.970383, -35.4986, -1.14982, 12.7892 )

[node name="IncastleSword2" parent="Forest" instance=ExtResource( 56 )]
transform = Transform( 0.668908, -0.201716, -0.715452, 0.0898165, 0.977358, -0.191585, 0.737899, 0.0638932, 0.67188, 13.2574, -1.54039, 30.3926 )

[node name="DeadBranch" parent="Forest" instance=ExtResource( 63 )]
transform = Transform( 0.554456, 0, -0.2293, 0, 0.6, 0, 0.2293, 0, 0.554456, -1.61387, -0.246214, 39.5906 )

[node name="DeadBranch2" parent="Forest" instance=ExtResource( 63 )]
transform = Transform( -0.586906, 0, -0.124665, 0, 0.6, 0, 0.124665, 0, -0.586906, -13.8243, -0.246214, 41.7784 )

[node name="DeadBranch3" parent="Forest" instance=ExtResource( 63 )]
transform = Transform( 0.0772464, 0, 0.595007, 0, 0.6, 0, -0.595007, 0, 0.0772464, 12.1918, -0.246214, 22.9387 )

[node name="DeadBranch4" parent="Forest" instance=ExtResource( 63 )]
transform = Transform( 0.423078, 0, 0.425447, 0, 0.6, 0, -0.425447, 0, 0.423078, 19.0198, 0.337178, 32.7915 )

[node name="DeadBranch6" parent="Forest" instance=ExtResource( 63 )]
transform = Transform( 0.550669, 0, -0.238251, 0, 0.6, 0, 0.238251, 0, 0.550669, -27.679, -0.515186, 45.8392 )

[node name="DeadBranch8" parent="Forest" instance=ExtResource( 63 )]
transform = Transform( 0.362821, 0.451352, -0.156977, -0.414243, 0.395324, 0.179225, 0.238251, 0, 0.550669, -42.4947, 0.84466, 30.8855 )

[node name="DeadBranch9" parent="Forest" instance=ExtResource( 63 )]
transform = Transform( 0.324264, 0.0511092, -0.502236, -0.0563275, 0.596853, 0.0243704, 0.501678, 0.0339787, 0.327361, -42.4947, -0.124103, 14.4003 )

[node name="DeadBranch10" parent="Forest" instance=ExtResource( 63 )]
transform = Transform( 0.563738, 0.0612091, -0.196094, -0.0563275, 0.596853, 0.0243704, 0.197551, -0.00448847, 0.566527, -46.0628, -0.124104, 16.6735 )

[node name="DeadBranch7" parent="Forest" instance=ExtResource( 63 )]
transform = Transform( -0.451546, 0, -0.395103, 0.0263502, 0.598664, -0.0301144, 0.394224, -0.0400151, -0.45054, -33.7981, 0.489003, 20.4679 )

[node name="DeadBranchSmall6" parent="Forest" instance=ExtResource( 64 )]
transform = Transform( -0.437378, 0.752616, 0.492209, -0.831229, -0.547209, 0.0980825, 0.34316, -0.366239, 0.864933, -47.6519, 0.106851, -1.76278 )

[node name="DeadBranchSmall7" parent="Forest" instance=ExtResource( 64 )]
transform = Transform( -0.481067, 0.619585, -0.620234, -0.612365, -0.743758, -0.268016, -0.627363, 0.250876, 0.737209, -38.7476, 0.138907, -19.826 )

[node name="DeadBranchSmall8" parent="Forest" instance=ExtResource( 64 )]
transform = Transform( -0.0201055, 0.353556, -0.935197, -0.612365, -0.743758, -0.268016, -0.790319, 0.567294, 0.231459, -36.8597, 0.289217, 6.08958 )

[node name="Mountain" type="Spatial" parent="."]
__meta__ = {
"_edit_group_": true,
"_edit_lock_": true
}

[node name="StaticBody" type="StaticBody" parent="Mountain"]
collision_layer = 2
collision_mask = 21

[node name="CollisionShape" type="CollisionShape" parent="Mountain/StaticBody"]
transform = Transform( 0.684522, 0, 0.728993, 0, 1, 0, -0.728993, 0, 0.684522, -53.6711, 5.26236, 1.314 )
shape = SubResource( 11 )

[node name="CollisionShape3" type="CollisionShape" parent="Mountain/StaticBody"]
transform = Transform( 0.998686, 0, -0.0512553, 0, 1, 0, 0.0512553, 0, 0.998686, -49.687, 5.26236, 7.9508 )
shape = SubResource( 12 )

[node name="CollisionShape2" type="CollisionShape" parent="Mountain/StaticBody"]
transform = Transform( 0.902503, 0, -0.430684, 0, 1, 0, 0.430684, 0, 0.902503, -53.6575, 5.26236, -6.08496 )
shape = SubResource( 13 )

[node name="CollisionShape4" type="CollisionShape" parent="Mountain/StaticBody"]
transform = Transform( -0.157159, 0.0251145, -0.987254, 0.0472566, 0.998723, 0.0178836, 0.986442, -0.0438437, -0.158145, -43.3753, 6.55072, -27.0022 )
shape = SubResource( 14 )

[node name="Rocks" type="Spatial" parent="Mountain"]

[node name="MeshInstance14" type="MeshInstance" parent="Mountain/Rocks"]
transform = Transform( 2.68123, -9.5986, 4.5093, 2.24437, 11.5266, 3.69236, -1.94263, 0.068886, 10.4896, -63.106, 3.06027, 1.06132 )
material_override = ExtResource( 34 )
mesh = SubResource( 15 )
material/0 = null

[node name="MeshInstance13" type="MeshInstance" parent="Mountain/Rocks/MeshInstance14"]
transform = Transform( -0.5952, -0.0857103, -0.412597, 0.0159299, 0.0639197, -0.746518, 0.0299121, -0.242688, -0.291027, 1.27682, -0.0325108, 0.691282 )
material_override = ExtResource( 34 )
mesh = SubResource( 15 )
material/0 = null

[node name="MeshInstance14" type="MeshInstance" parent="Mountain/Rocks/MeshInstance14"]
transform = Transform( -0.384015, -0.590665, -0.303113, -0.0475906, 0.0746054, -0.698045, 0.143978, -0.136514, -0.450347, 0.919868, 0.188519, -0.261704 )
material_override = ExtResource( 34 )
mesh = SubResource( 15 )
material/0 = null

