[gd_scene load_steps=26 format=2]

[ext_resource path="res://Grass/Grass.tscn" type="PackedScene" id=1]
[ext_resource path="res://Player/Player.tscn" type="PackedScene" id=2]
[ext_resource path="res://Common/env_fancy_glowy_with_fog.tres" type="Environment" id=3]
[ext_resource path="res://Game.gd" type="Script" id=4]
[ext_resource path="res://Common/Fonts/font_bebas_60.tres" type="DynamicFont" id=5]
[ext_resource path="res://Props/CastleWallLong.tscn" type="PackedScene" id=6]
[ext_resource path="res://Props/CastleTower.tscn" type="PackedScene" id=7]
[ext_resource path="res://Props/CastleWallCorner.tscn" type="PackedScene" id=8]
[ext_resource path="res://Props/CastleWallShort.tscn" type="PackedScene" id=9]
[ext_resource path="res://Props/CastleFrontGateBroken.tscn" type="PackedScene" id=10]
[ext_resource path="res://Props/CastleWallStairs.tscn" type="PackedScene" id=11]
[ext_resource path="res://Props/TreeNoLeaves1.tscn" type="PackedScene" id=12]
[ext_resource path="res://Props/TreeThicc.tscn" type="PackedScene" id=13]
[ext_resource path="res://Props/TreeNoLeaves2.tscn" type="PackedScene" id=14]
[ext_resource path="res://Props/TreeLong.tscn" type="PackedScene" id=15]
[ext_resource path="res://DirectionalLight.tscn" type="PackedScene" id=16]
[ext_resource path="res://Props/Grave.tscn" type="PackedScene" id=17]
[ext_resource path="res://Props/Grave2.tscn" type="PackedScene" id=18]
[ext_resource path="res://Props/FenceStraight.tscn" type="PackedScene" id=19]
[ext_resource path="res://Props/FenceCurve.tscn" type="PackedScene" id=20]
[ext_resource path="res://Props/FenceWithHole.tscn" type="PackedScene" id=21]
[ext_resource path="res://Props/FenceBentBack.tscn" type="PackedScene" id=22]

[sub_resource type="BoxShape" id=1]
extents = Vector3( 26.0497, 7.36716, 6.19276 )

[sub_resource type="BoxShape" id=2]
extents = Vector3( 5.46344, 7.36716, 16.1573 )

[sub_resource type="BoxShape" id=3]
extents = Vector3( 5.46344, 7.36716, 11.6754 )

[node name="Game" type="Spatial"]
script = ExtResource( 4 )

[node name="UI" type="Control" parent="."]
anchor_left = 1.0
anchor_right = 1.0
margin_left = -40.0
margin_bottom = 40.0
__meta__ = {
"_edit_use_anchors_": false
}

[node name="MarginContainer" type="MarginContainer" parent="UI"]
anchor_left = 1.0
anchor_right = 1.0
margin_left = -112.0
margin_bottom = 108.0
custom_constants/margin_right = 50
custom_constants/margin_top = 50
__meta__ = {
"_edit_use_anchors_": false
}

[node name="FpsLabel" type="Label" parent="UI/MarginContainer"]
margin_top = 50.0
margin_right = 62.0
margin_bottom = 108.0
custom_fonts/font = ExtResource( 5 )
text = "00"
__meta__ = {
"_edit_use_anchors_": false
}

[node name="DebugEnvironment" type="WorldEnvironment" parent="."]

[node name="DirectionalLight" parent="." instance=ExtResource( 16 )]

[node name="Player" parent="." instance=ExtResource( 2 )]
transform = Transform( 1, 0, 0, 0, 1, 0, 0, 0, 1, 0.871102, 7.74847, 31.4062 )
evirorment = ExtResource( 3 )
speed = 12.0

[node name="Gimbal" parent="Player" index="1"]
transform = Transform( 0.77426, 0, 0.632868, 0, 1, 0, -0.632868, 0, 0.77426, 0, 0, 0 )

[node name="Grass" type="Spatial" parent="."]

[node name="Grass" parent="Grass" instance=ExtResource( 1 )]
transform = Transform( 1, 0, 0, 0, 1, 0, 0, 0, 1, -3, 0, 15 )

[node name="Grass2" parent="Grass" instance=ExtResource( 1 )]
transform = Transform( 1, 0, 0, 0, 1, 0, 0, 0, 1, -9, 0, 15 )

[node name="Grass3" parent="Grass" instance=ExtResource( 1 )]
transform = Transform( 1, 0, 0, 0, 1, 0, 0, 0, 1, -15, 0, 15 )

[node name="Grass4" parent="Grass" instance=ExtResource( 1 )]
transform = Transform( 1, 0, 0, 0, 1, 0, 0, 0, 1, -21, 0, 15 )

[node name="Grass5" parent="Grass" instance=ExtResource( 1 )]
transform = Transform( 1, 0, 0, 0, 1, 0, 0, 0, 1, -27, 0, 15 )

[node name="Grass6" parent="Grass" instance=ExtResource( 1 )]
transform = Transform( 1, 0, 0, 0, 1, 0, 0, 0, 1, -33, 0, 15 )

[node name="Grass8" parent="Grass" instance=ExtResource( 1 )]
transform = Transform( 1, 0, 0, 0, 1, 0, 0, 0, 1, 27, 0, 15 )

[node name="Grass9" parent="Grass" instance=ExtResource( 1 )]
transform = Transform( 1, 0, 0, 0, 1, 0, 0, 0, 1, 21, 0, 15 )

[node name="Grass10" parent="Grass" instance=ExtResource( 1 )]
transform = Transform( 1, 0, 0, 0, 1, 0, 0, 0, 1, 15, 0, 15 )

[node name="Grass11" parent="Grass" instance=ExtResource( 1 )]
transform = Transform( 1, 0, 0, 0, 1, 0, 0, 0, 1, 9, 0, 15 )

[node name="Grass12" parent="Grass" instance=ExtResource( 1 )]
transform = Transform( 1, 0, 0, 0, 1, 0, 0, 0, 1, 3, 0, 15 )

[node name="Grass13" parent="Grass" instance=ExtResource( 1 )]
transform = Transform( 1, 0, 0, 0, 1, 0, 0, 0, 1, -9, 0, 21 )

[node name="Grass14" parent="Grass" instance=ExtResource( 1 )]
transform = Transform( 1, 0, 0, 0, 1, 0, 0, 0, 1, -15, 0, 21 )

[node name="Grass15" parent="Grass" instance=ExtResource( 1 )]
transform = Transform( 1, 0, 0, 0, 1, 0, 0, 0, 1, -21, 0, 21 )

[node name="Grass16" parent="Grass" instance=ExtResource( 1 )]
transform = Transform( 1, 0, 0, 0, 1, 0, 0, 0, 1, -27, 0, 21 )

[node name="Grass22" parent="Grass" instance=ExtResource( 1 )]
transform = Transform( 1, 0, 0, 0, 1, 0, 0, 0, 1, 9, 0, 21 )

[node name="Grass23" parent="Grass" instance=ExtResource( 1 )]
transform = Transform( 1, 0, 0, 0, 1, 0, 0, 0, 1, 3, 0, 21 )

[node name="Grass24" parent="Grass" instance=ExtResource( 1 )]
transform = Transform( 1, 0, 0, 0, 1, 0, 0, 0, 1, -9, 0, 27 )

[node name="Grass25" parent="Grass" instance=ExtResource( 1 )]
transform = Transform( 1, 0, 0, 0, 1, 0, 0, 0, 1, -15, 0, 27 )

[node name="Grass26" parent="Grass" instance=ExtResource( 1 )]
transform = Transform( 1, 0, 0, 0, 1, 0, 0, 0, 1, -21, 0, 27 )

[node name="Grass27" parent="Grass" instance=ExtResource( 1 )]
transform = Transform( 1, 0, 0, 0, 1, 0, 0, 0, 1, -27, 0, 27 )

[node name="Grass33" parent="Grass" instance=ExtResource( 1 )]
transform = Transform( 1, 0, 0, 0, 1, 0, 0, 0, 1, 9, 0, 27 )

[node name="Grass34" parent="Grass" instance=ExtResource( 1 )]
transform = Transform( 1, 0, 0, 0, 1, 0, 0, 0, 1, 3, 0, 27 )

[node name="Grass35" parent="Grass" instance=ExtResource( 1 )]
transform = Transform( 1, 0, 0, 0, 1, 0, 0, 0, 1, -9, 0, 33 )

[node name="Grass46" parent="Grass" instance=ExtResource( 1 )]
transform = Transform( 1, 0, 0, 0, 1, 0, 0, 0, 1, -3, 0, 21 )

[node name="Grass47" parent="Grass" instance=ExtResource( 1 )]
transform = Transform( 1, 0, 0, 0, 1, 0, 0, 0, 1, -3, 0, 27 )

[node name="Grass48" parent="Grass" instance=ExtResource( 1 )]
transform = Transform( 1, 0, 0, 0, 1, 0, 0, 0, 1, -3, 0, 33 )

[node name="Grass36" parent="Grass" instance=ExtResource( 1 )]
transform = Transform( 1, 0, 0, 0, 1, 0, 0, 0, 1, -15, 0, 33 )

[node name="Grass39" parent="Grass" instance=ExtResource( 1 )]
transform = Transform( 1, 0, 0, 0, 1, 0, 0, 0, 1, -9, 0, 39 )

[node name="Grass40" parent="Grass" instance=ExtResource( 1 )]
transform = Transform( 1, 0, 0, 0, 1, 0, 0, 0, 1, -15, 0, 39 )

[node name="Grass37" parent="Grass" instance=ExtResource( 1 )]
transform = Transform( 1, 0, 0, 0, 1, 0, 0, 0, 1, -21, 0, 33 )

[node name="Grass38" parent="Grass" instance=ExtResource( 1 )]
transform = Transform( 1, 0, 0, 0, 1, 0, 0, 0, 1, -27, 0, 33 )

[node name="Grass44" parent="Grass" instance=ExtResource( 1 )]
transform = Transform( 1, 0, 0, 0, 1, 0, 0, 0, 1, 9, 0, 33 )

[node name="Grass77" parent="Grass" instance=ExtResource( 1 )]
transform = Transform( 1, 0, 0, 0, 1, 0, 0, 0, 1, 9, 0, 39 )

[node name="Grass45" parent="Grass" instance=ExtResource( 1 )]
transform = Transform( 1, 0, 0, 0, 1, 0, 0, 0, 1, 3, 0, 33 )

[node name="Grass55" parent="Grass" instance=ExtResource( 1 )]
transform = Transform( 1, 0, 0, 0, 1, 0, 0, 0, 1, 3, 0, 39 )

[node name="Grass66" parent="Grass" instance=ExtResource( 1 )]
transform = Transform( 1, 0, -0.000314159, 0, 1, 0, 0.000314159, 0, 1, -3, 0, 39 )

[node name="Grass49" parent="Grass" instance=ExtResource( 1 )]
transform = Transform( 1, 0, 0, 0, 1, 0, 0, 0, 1, -3, 0, -9 )

[node name="Grass50" parent="Grass" instance=ExtResource( 1 )]
transform = Transform( 1, 0, 0, 0, 1, 0, 0, 0, 1, -9, 0, -9 )

[node name="Grass51" parent="Grass" instance=ExtResource( 1 )]
transform = Transform( 1, 0, 0, 0, 1, 0, 0, 0, 1, -15, 0, -9 )

[node name="Grass52" parent="Grass" instance=ExtResource( 1 )]
transform = Transform( 1, 0, 0, 0, 1, 0, 0, 0, 1, -21, 0, -9 )

[node name="Grass53" parent="Grass" instance=ExtResource( 1 )]
transform = Transform( 1, 0, 0, 0, 1, 0, 0, 0, 1, -27, 0, -9 )

[node name="Grass54" parent="Grass" instance=ExtResource( 1 )]
transform = Transform( 1, 0, 0, 0, 1, 0, 0, 0, 1, -33, 0, -9 )

[node name="Grass56" parent="Grass" instance=ExtResource( 1 )]
transform = Transform( 1, 0, 0, 0, 1, 0, 0, 0, 1, 27, 0, -9 )

[node name="Grass57" parent="Grass" instance=ExtResource( 1 )]
transform = Transform( 1, 0, 0, 0, 1, 0, 0, 0, 1, 21, 0, -9 )

[node name="Grass58" parent="Grass" instance=ExtResource( 1 )]
transform = Transform( 1, 0, 0, 0, 1, 0, 0, 0, 1, 15, 0, -9 )

[node name="Grass59" parent="Grass" instance=ExtResource( 1 )]
transform = Transform( 1, 0, 0, 0, 1, 0, 0, 0, 1, 9, 0, -9 )

[node name="Grass60" parent="Grass" instance=ExtResource( 1 )]
transform = Transform( 1, 0, 0, 0, 1, 0, 0, 0, 1, 3, 0, -9 )

[node name="Grass61" parent="Grass" instance=ExtResource( 1 )]
transform = Transform( 1, 0, 0, 0, 1, 0, 0, 0, 1, -9, 0, -3 )

[node name="Grass62" parent="Grass" instance=ExtResource( 1 )]
transform = Transform( 1, 0, 0, 0, 1, 0, 0, 0, 1, -15, 0, -3 )

[node name="Grass63" parent="Grass" instance=ExtResource( 1 )]
transform = Transform( 1, 0, 0, 0, 1, 0, 0, 0, 1, -21, 0, -3 )

[node name="Grass64" parent="Grass" instance=ExtResource( 1 )]
transform = Transform( 1, 0, 0, 0, 1, 0, 0, 0, 1, -27, 0, -3 )

[node name="Grass65" parent="Grass" instance=ExtResource( 1 )]
transform = Transform( 1, 0, 0, 0, 1, 0, 0, 0, 1, -33, 0, -3 )

[node name="Grass67" parent="Grass" instance=ExtResource( 1 )]
transform = Transform( 1, 0, 0, 0, 1, 0, 0, 0, 1, 27, 0, -3 )

[node name="Grass68" parent="Grass" instance=ExtResource( 1 )]
transform = Transform( 1, 0, 0, 0, 1, 0, 0, 0, 1, 21, 0, -3 )

[node name="Grass69" parent="Grass" instance=ExtResource( 1 )]
transform = Transform( 1, 0, 0, 0, 1, 0, 0, 0, 1, 15, 0, -3 )

[node name="Grass70" parent="Grass" instance=ExtResource( 1 )]
transform = Transform( 1, 0, 0, 0, 1, 0, 0, 0, 1, 9, 0, -3 )

[node name="Grass71" parent="Grass" instance=ExtResource( 1 )]
transform = Transform( 1, 0, 0, 0, 1, 0, 0, 0, 1, 3, 0, -3 )

[node name="Grass72" parent="Grass" instance=ExtResource( 1 )]
transform = Transform( 1, 0, 0, 0, 1, 0, 0, 0, 1, -9, 0, 3 )

[node name="Grass73" parent="Grass" instance=ExtResource( 1 )]
transform = Transform( 1, 0, 0, 0, 1, 0, 0, 0, 1, -15, 0, 3 )

[node name="Grass74" parent="Grass" instance=ExtResource( 1 )]
transform = Transform( 1, 0, 0, 0, 1, 0, 0, 0, 1, -21, 0, 3 )

[node name="Grass75" parent="Grass" instance=ExtResource( 1 )]
transform = Transform( 1, 0, 0, 0, 1, 0, 0, 0, 1, -27, 0, 3 )

[node name="Grass76" parent="Grass" instance=ExtResource( 1 )]
transform = Transform( 1, 0, 0, 0, 1, 0, 0, 0, 1, -33, 0, 3 )

[node name="Grass78" parent="Grass" instance=ExtResource( 1 )]
transform = Transform( 1, 0, 0, 0, 1, 0, 0, 0, 1, 27, 0, 3 )

[node name="Grass79" parent="Grass" instance=ExtResource( 1 )]
transform = Transform( 1, 0, 0, 0, 1, 0, 0, 0, 1, 21, 0, 3 )

[node name="Grass80" parent="Grass" instance=ExtResource( 1 )]
transform = Transform( 1, 0, 0, 0, 1, 0, 0, 0, 1, 15, 0, 3 )

[node name="Grass81" parent="Grass" instance=ExtResource( 1 )]
transform = Transform( 1, 0, 0, 0, 1, 0, 0, 0, 1, 9, 0, 3 )

[node name="Grass82" parent="Grass" instance=ExtResource( 1 )]
transform = Transform( 1, 0, 0, 0, 1, 0, 0, 0, 1, 3, 0, 3 )

[node name="Grass83" parent="Grass" instance=ExtResource( 1 )]
transform = Transform( 1, 0, 0, 0, 1, 0, 0, 0, 1, -9, 0, 9 )

[node name="Grass84" parent="Grass" instance=ExtResource( 1 )]
transform = Transform( 1, 0, 0, 0, 1, 0, 0, 0, 1, -3, 0, -3 )

[node name="Grass85" parent="Grass" instance=ExtResource( 1 )]
transform = Transform( 1, 0, 0, 0, 1, 0, 0, 0, 1, -3, 0, 3 )

[node name="Grass86" parent="Grass" instance=ExtResource( 1 )]
transform = Transform( 1, 0, 0, 0, 1, 0, 0, 0, 1, -3, 0, 9 )

[node name="Grass87" parent="Grass" instance=ExtResource( 1 )]
transform = Transform( 1, 0, 0, 0, 1, 0, 0, 0, 1, -15, 0, 9 )

[node name="Grass88" parent="Grass" instance=ExtResource( 1 )]
transform = Transform( 1, 0, 0, 0, 1, 0, 0, 0, 1, -21, 0, 9 )

[node name="Grass89" parent="Grass" instance=ExtResource( 1 )]
transform = Transform( 1, 0, 0, 0, 1, 0, 0, 0, 1, -27, 0, 9 )

[node name="Grass90" parent="Grass" instance=ExtResource( 1 )]
transform = Transform( 1, 0, 0, 0, 1, 0, 0, 0, 1, -33, 0, 9 )

[node name="Grass92" parent="Grass" instance=ExtResource( 1 )]
transform = Transform( 1, 0, 0, 0, 1, 0, 0, 0, 1, 27, 0, 9 )

[node name="Grass93" parent="Grass" instance=ExtResource( 1 )]
transform = Transform( 1, 0, 0, 0, 1, 0, 0, 0, 1, 21, 0, 9 )

[node name="Grass94" parent="Grass" instance=ExtResource( 1 )]
transform = Transform( 1, 0, 0, 0, 1, 0, 0, 0, 1, 15, 0, 9 )

[node name="Grass95" parent="Grass" instance=ExtResource( 1 )]
transform = Transform( 1, 0, 0, 0, 1, 0, 0, 0, 1, 9, 0, 9 )

[node name="Grass96" parent="Grass" instance=ExtResource( 1 )]
transform = Transform( 1, 0, 0, 0, 1, 0, 0, 0, 1, 3, 0, 9 )

[node name="Grass109" parent="Grass" instance=ExtResource( 1 )]
transform = Transform( 1, 0, 0, 0, 1, 0, 0, 0, 1, -9, 0, -27 )

[node name="Grass110" parent="Grass" instance=ExtResource( 1 )]
transform = Transform( 1, 0, 0, 0, 1, 0, 0, 0, 1, -15, 0, -27 )

[node name="Grass111" parent="Grass" instance=ExtResource( 1 )]
transform = Transform( 1, 0, 0, 0, 1, 0, 0, 0, 1, -21, 0, -27 )

[node name="Grass112" parent="Grass" instance=ExtResource( 1 )]
transform = Transform( 1, 0, 0, 0, 1, 0, 0, 0, 1, -27, 0, -27 )

[node name="Grass113" parent="Grass" instance=ExtResource( 1 )]
transform = Transform( 1, 0, 0, 0, 1, 0, 0, 0, 1, -33, 0, -27 )

[node name="Grass115" parent="Grass" instance=ExtResource( 1 )]
transform = Transform( 1, 0, 0, 0, 1, 0, 0, 0, 1, 27, 0, -27 )

[node name="Grass116" parent="Grass" instance=ExtResource( 1 )]
transform = Transform( 1, 0, 0, 0, 1, 0, 0, 0, 1, 21, 0, -27 )

[node name="Grass117" parent="Grass" instance=ExtResource( 1 )]
transform = Transform( 1, 0, 0, 0, 1, 0, 0, 0, 1, 15, 0, -27 )

[node name="Grass118" parent="Grass" instance=ExtResource( 1 )]
transform = Transform( 1, 0, 0, 0, 1, 0, 0, 0, 1, 9, 0, -27 )

[node name="Grass119" parent="Grass" instance=ExtResource( 1 )]
transform = Transform( 1, 0, 0, 0, 1, 0, 0, 0, 1, 3, 0, -27 )

[node name="Grass120" parent="Grass" instance=ExtResource( 1 )]
transform = Transform( 1, 0, 0, 0, 1, 0, 0, 0, 1, -9, 0, -21 )

[node name="Grass121" parent="Grass" instance=ExtResource( 1 )]
transform = Transform( 1, 0, 0, 0, 1, 0, 0, 0, 1, -15, 0, -21 )

[node name="Grass122" parent="Grass" instance=ExtResource( 1 )]
transform = Transform( 1, 0, 0, 0, 1, 0, 0, 0, 1, -21, 0, -21 )

[node name="Grass123" parent="Grass" instance=ExtResource( 1 )]
transform = Transform( 1, 0, 0, 0, 1, 0, 0, 0, 1, -27, 0, -21 )

[node name="Grass124" parent="Grass" instance=ExtResource( 1 )]
transform = Transform( 1, 0, 0, 0, 1, 0, 0, 0, 1, -33, 0, -21 )

[node name="Grass126" parent="Grass" instance=ExtResource( 1 )]
transform = Transform( 1, 0, 0, 0, 1, 0, 0, 0, 1, 27, 0, -21 )

[node name="Grass127" parent="Grass" instance=ExtResource( 1 )]
transform = Transform( 1, 0, 0, 0, 1, 0, 0, 0, 1, 21, 0, -21 )

[node name="Grass128" parent="Grass" instance=ExtResource( 1 )]
transform = Transform( 1, 0, 0, 0, 1, 0, 0, 0, 1, 15, 0, -21 )

[node name="Grass129" parent="Grass" instance=ExtResource( 1 )]
transform = Transform( 1, 0, 0, 0, 1, 0, 0, 0, 1, 9, 0, -21 )

[node name="Grass130" parent="Grass" instance=ExtResource( 1 )]
transform = Transform( 1, 0, 0, 0, 1, 0, 0, 0, 1, 3, 0, -21 )

[node name="Grass131" parent="Grass" instance=ExtResource( 1 )]
transform = Transform( 1, 0, 0, 0, 1, 0, 0, 0, 1, -9, 0, -15 )

[node name="Grass132" parent="Grass" instance=ExtResource( 1 )]
transform = Transform( 1, 0, 0, 0, 1, 0, 0, 0, 1, -3, 0, -27 )

[node name="Grass133" parent="Grass" instance=ExtResource( 1 )]
transform = Transform( 1, 0, 0, 0, 1, 0, 0, 0, 1, -3, 0, -21 )

[node name="Grass134" parent="Grass" instance=ExtResource( 1 )]
transform = Transform( 1, 0, 0, 0, 1, 0, 0, 0, 1, -3, 0, -15 )

[node name="Grass135" parent="Grass" instance=ExtResource( 1 )]
transform = Transform( 1, 0, 0, 0, 1, 0, 0, 0, 1, -15, 0, -15 )

[node name="Grass136" parent="Grass" instance=ExtResource( 1 )]
transform = Transform( 1, 0, 0, 0, 1, 0, 0, 0, 1, -21, 0, -15 )

[node name="Grass137" parent="Grass" instance=ExtResource( 1 )]
transform = Transform( 1, 0, 0, 0, 1, 0, 0, 0, 1, -27, 0, -15 )

[node name="Grass138" parent="Grass" instance=ExtResource( 1 )]
transform = Transform( 1, 0, 0, 0, 1, 0, 0, 0, 1, -33, 0, -15 )

[node name="Grass140" parent="Grass" instance=ExtResource( 1 )]
transform = Transform( 1, 0, 0, 0, 1, 0, 0, 0, 1, 27, 0, -15 )

[node name="Grass141" parent="Grass" instance=ExtResource( 1 )]
transform = Transform( 1, 0, 0, 0, 1, 0, 0, 0, 1, 21, 0, -15 )

[node name="Grass142" parent="Grass" instance=ExtResource( 1 )]
transform = Transform( 1, 0, 0, 0, 1, 0, 0, 0, 1, 15, 0, -15 )

[node name="Grass143" parent="Grass" instance=ExtResource( 1 )]
transform = Transform( 1, 0, 0, 0, 1, 0, 0, 0, 1, 9, 0, -15 )

[node name="Grass144" parent="Grass" instance=ExtResource( 1 )]
transform = Transform( 1, 0, 0, 0, 1, 0, 0, 0, 1, 3, 0, -15 )

[node name="Castle" type="Spatial" parent="."]
__meta__ = {
"_edit_group_": true,
"_edit_lock_": true
}

[node name="CastleTower" parent="Castle" instance=ExtResource( 7 )]
transform = Transform( -1, 0, -8.74228e-08, 0, 1, 0, 8.74228e-08, 0, -1, -7.03822, 0, 16.7486 )

[node name="CastleTower2" parent="Castle" instance=ExtResource( 7 )]
transform = Transform( -4.37114e-08, 0, 1, 0, 1, 0, -1, 0, -4.37114e-08, -0.734457, 0, 16.741 )

[node name="CastleWallLong" parent="Castle" instance=ExtResource( 6 )]
transform = Transform( 1, 0, 0, 0, 1, 0, 0, 0, 1, 9.16041, 9.53674e-07, 16.8204 )

[node name="CastleWallLong2" parent="Castle" instance=ExtResource( 6 )]
transform = Transform( 1, 0, 0, 0, 1, 0, 0, 0, 1, -16.8456, 9.53674e-07, 16.697 )

[node name="CastleWallCorner" parent="Castle" instance=ExtResource( 8 )]
transform = Transform( 1, 0, 0, 0, 1, 0, 0, 0, 1, 21.0585, 0, 16.0262 )

[node name="CastleWallShort" parent="Castle" instance=ExtResource( 9 )]
transform = Transform( 0.707107, 0, -0.707107, 0, 1, 0, 0.707107, 0, 0.707107, -26.0242, 0, 15.7856 )

[node name="CastleFrontGateBroken" parent="Castle" instance=ExtResource( 10 )]
transform = Transform( 1, 0, 0, 0, 1, 0, 0, 0, 1, -3.99377, 5.63594, 17.0008 )

[node name="CastleWallStairs" parent="Castle" instance=ExtResource( 11 )]
transform = Transform( 1, 0, 0, 0, 1, 0, 0, 0, 1, -11.6004, 0, 15.4231 )

[node name="Forest" type="Spatial" parent="."]
__meta__ = {
"_edit_group_": true,
"_edit_lock_": true
}

[node name="StaticBody" type="StaticBody" parent="Forest"]

[node name="CollisionShape" type="CollisionShape" parent="Forest/StaticBody"]
transform = Transform( 1, 0, 0, 0, 1, 0, 0, 0, 1, -2.60511, 0, 41.5715 )
shape = SubResource( 1 )

[node name="CollisionShape2" type="CollisionShape" parent="Forest/StaticBody"]
transform = Transform( 1, 0, 0, 0, 1, 0, 0, 0, 1, 10.0021, 0, 20.4415 )
shape = SubResource( 2 )

[node name="CollisionShape4" type="CollisionShape" parent="Forest/StaticBody"]
transform = Transform( 1, 0, 0, 0, 1, 0, 0, 0, 1, 12.6064, 0, 30.8018 )
shape = SubResource( 3 )

[node name="CollisionShape3" type="CollisionShape" parent="Forest/StaticBody"]
transform = Transform( 1, 0, 0, 0, 1, 0, 0, 0, 1, -30.6446, 4.44814, 33.3411 )
shape = SubResource( 2 )

[node name="TreeNoLeaves1" parent="Forest" instance=ExtResource( 12 )]
transform = Transform( 1, 0, 0, 0, 1, 0, 0, 0, 1, -32.5258, 0, 29.9835 )

[node name="TreeNoLeaves4" parent="Forest" instance=ExtResource( 12 )]
transform = Transform( 1, 0, 0, 0, 1, 0, 0, 0, 1, -32.5258, 0, 29.9835 )

[node name="TreeNoLeaves2" parent="Forest" instance=ExtResource( 14 )]
transform = Transform( 1, 0, 0, 0, 1, 0, 0, 0, 1, -23.0735, 0, 36.8174 )

[node name="TreeNoLeaves3" parent="Forest" instance=ExtResource( 14 )]
transform = Transform( 1, 0, 0, 0, 1, 0, 0, 0, 1, -28.9427, 0, 35.2952 )

[node name="TreeLong" parent="Forest" instance=ExtResource( 15 )]
transform = Transform( 0.439484, 0, -0.89825, 0, 1, 0, 0.89825, 0, 0.439484, -31.0191, 0, 37.5944 )

[node name="TreeThicc" parent="Forest" instance=ExtResource( 13 )]
transform = Transform( 1, 0, 0, 0, 1, 0, 0, 0, 1, -33.0298, 0, 34.0656 )

[node name="TreeNoLeaves20" parent="Forest" instance=ExtResource( 12 )]
transform = Transform( 1, 0, 0, 0, 1, 0, 0, 0, 1, -29.3346, 0, 20.7273 )

[node name="TreeThicc5" parent="Forest" instance=ExtResource( 13 )]
transform = Transform( 1, 0, 0, 0, 1, 0, 0, 0, 1, -29.8386, 0, 24.8094 )

[node name="TreeThicc6" parent="Forest" instance=ExtResource( 13 )]
transform = Transform( 1, 0, 0, 0, 1, 0, 0, 0, 1, -33.3972, 0, 17.363 )

[node name="TreeNoLeaves5" parent="Forest" instance=ExtResource( 12 )]
transform = Transform( 0.682241, 0, 0.731128, 0, 1, 0, -0.731128, 0, 0.682241, -19.805, 0, 35.8459 )

[node name="TreeNoLeaves6" parent="Forest" instance=ExtResource( 12 )]
transform = Transform( 0.682241, 0, 0.731128, 0, 1, 0, -0.731128, 0, 0.682241, -19.805, 0, 35.8459 )

[node name="TreeNoLeaves7" parent="Forest" instance=ExtResource( 14 )]
transform = Transform( 0.847122, 0, -0.531399, 0, 1, 0, 0.531399, 0, 0.847122, -9.08152, 0, 36.4324 )

[node name="TreeNoLeaves10" parent="Forest" instance=ExtResource( 14 )]
transform = Transform( 0.847122, 0, -0.531399, 0, 1, 0, 0.531399, 0, 0.847122, -0.817369, 0, 36.4324 )

[node name="TreeNoLeaves12" parent="Forest" instance=ExtResource( 14 )]
transform = Transform( 0.682241, 0, 0.731128, 0, 1, 0, -0.731128, 0, 0.682241, -28.4818, 0, 16.7706 )

[node name="TreeNoLeaves8" parent="Forest" instance=ExtResource( 14 )]
transform = Transform( 0.847122, 0, -0.531399, 0, 1, 0, 0.531399, 0, 0.847122, -12.424, 0, 36.2771 )

[node name="TreeLong2" parent="Forest" instance=ExtResource( 15 )]
transform = Transform( 0.95657, 0, -0.291504, 0, 1, 0, 0.291504, 0, 0.95657, -13.2125, 0, 39.9368 )

[node name="TreeLong6" parent="Forest" instance=ExtResource( 15 )]
transform = Transform( 0.654266, 0, -0.756265, 0, 1, 0, 0.756265, 0, 0.654266, -5.38851, 0, 41.455 )

[node name="TreeLong7" parent="Forest" instance=ExtResource( 15 )]
transform = Transform( -0.886874, 0, 0.462012, 0, 1, 0, -0.462012, 0, -0.886874, 2.35709, 0, 41.455 )

[node name="TreeThicc2" parent="Forest" instance=ExtResource( 13 )]
transform = Transform( 0.682241, 0, 0.731128, 0, 1, 0, -0.731128, 0, 0.682241, -22.1343, 0, 39.4579 )

[node name="TreeThicc3" parent="Forest" instance=ExtResource( 13 )]
transform = Transform( 0.682241, 0, 0.731128, 0, 1, 0, -0.731128, 0, 0.682241, 5.0599, 0, 39.4579 )

[node name="TreeNoLeaves9" parent="Forest" instance=ExtResource( 12 )]
transform = Transform( 0.794489, 0, 0.607279, 0, 1, 0, -0.607279, 0, 0.794489, -6.14808, 0, 37.6404 )

[node name="TreeNoLeaves23" parent="Forest" instance=ExtResource( 14 )]
transform = Transform( 0.990136, 0, -0.140106, 0, 1, 0, 0.140106, 0, 0.990136, -7.17149, 0, 48.821 )

[node name="TreeNoLeaves24" parent="Forest" instance=ExtResource( 14 )]
transform = Transform( 0.672832, 0, 0.739796, 0, 1, 0, -0.739796, 0, 0.672832, -36.2521, -1.90735e-06, 23.2617 )

[node name="TreeNoLeaves27" parent="Forest" instance=ExtResource( 14 )]
transform = Transform( 0.993764, 0, -0.111504, 0, 1, 0, 0.111504, 0, 0.993764, -34.2491, -1.90735e-06, 29.0841 )

[node name="TreeNoLeaves21" parent="Forest" instance=ExtResource( 14 )]
transform = Transform( 0.794489, 0, 0.607279, 0, 1, 0, -0.607279, 0, 0.794489, 12.7141, -1.90735e-06, 44.4349 )

[node name="TreeNoLeaves29" parent="Forest" instance=ExtResource( 14 )]
transform = Transform( 0.955886, 0, -0.29374, 0, 1, 0, 0.29374, 0, 0.955886, 7.93571, -1.90735e-06, 44.4349 )

[node name="TreeNoLeaves30" parent="Forest" instance=ExtResource( 14 )]
transform = Transform( 0.770691, 0, 0.637209, 0, 1, 0, -0.637209, 0, 0.770691, -2.59617, -1.90735e-06, 44.4349 )

[node name="TreeNoLeaves31" parent="Forest" instance=ExtResource( 14 )]
transform = Transform( 0.770691, 0, 0.637209, 0, 1, 0, -0.637209, 0, 0.770691, 2.1327, -1.90735e-06, 48.2947 )

[node name="TreeNoLeaves18" parent="Forest" instance=ExtResource( 14 )]
transform = Transform( 0.794489, 0, 0.607279, 0, 1, 0, -0.607279, 0, 0.794489, 20.6811, 0, 34.5241 )

[node name="TreeNoLeaves22" parent="Forest" instance=ExtResource( 14 )]
transform = Transform( 0.229013, 0, 0.973423, 0, 1, 0, -0.973423, 0, 0.229013, 22.7334, 0, 24.8681 )

[node name="TreeLong3" parent="Forest" instance=ExtResource( 15 )]
transform = Transform( -0.975542, 0, 0.219812, 0, 1, 0, -0.219812, 0, -0.975542, 10.4744, 0, 21.8007 )

[node name="TreeNoLeaves15" parent="Forest" instance=ExtResource( 14 )]
transform = Transform( 0.0980345, 0, 0.995183, 0, 1, 0, -0.995183, 0, 0.0980345, 15.2462, 0, 25.782 )

[node name="TreeNoLeaves16" parent="Forest" instance=ExtResource( 14 )]
transform = Transform( 0.0980345, 0, 0.995183, 0.00661762, 0.999978, -0.000651896, -0.995161, 0.00664966, 0.0980323, 13.0249, 0, 28.3857 )

[node name="TreeNoLeaves17" parent="Forest" instance=ExtResource( 14 )]
transform = Transform( 0.0980345, 0, 0.995183, 0, 1, 0, -0.995183, 0, 0.0980345, 9.02488, 0, 28.3857 )

[node name="TreeNoLeaves19" parent="Forest" instance=ExtResource( 14 )]
transform = Transform( 0.0980345, 0, 0.995183, 0, 1, 0, -0.995183, 0, 0.0980345, 10.7893, 0, 29.6059 )

[node name="TreeNoLeaves32" parent="Forest" instance=ExtResource( 14 )]
transform = Transform( -0.87429, 0, 0.485405, 0, 1, 0, -0.485405, 0, -0.87429, 5.90688, 0, 22.5502 )

[node name="TreeLong4" parent="Forest" instance=ExtResource( 15 )]
transform = Transform( 0.937008, 0, 0.349308, 0, 1, 0, -0.349308, 0, 0.937008, 15.2406, 0, 30.9204 )

[node name="TreeLong8" parent="Forest" instance=ExtResource( 15 )]
transform = Transform( 0.560263, 0, 0.828315, 0, 1, 0, -0.828315, 0, 0.560263, 2.69867, -0.580897, 19.1433 )

[node name="TreeNoLeaves28" parent="Forest" instance=ExtResource( 14 )]
transform = Transform( 0.0980345, 0, 0.995183, 0, 1, 0, -0.995183, 0, 0.0980345, 8.43517, -1.90735e-06, 37.2861 )

[node name="TreeLong5" parent="Forest" instance=ExtResource( 15 )]
transform = Transform( 0.937008, 0, 0.349308, 0, 1, 0, -0.349308, 0, 0.937008, 12.8865, -1.90735e-06, 38.6006 )

[node name="TreeNoLeaves25" parent="Forest" instance=ExtResource( 14 )]
transform = Transform( 0.611347, 0, 0.791362, 0, 1, 0, -0.791362, 0, 0.611347, -27.3475, 0, 44.7891 )

[node name="TreeNoLeaves26" parent="Forest" instance=ExtResource( 14 )]
transform = Transform( 0.698028, 0, -0.716071, 0, 1, 0, 0.716071, 0, 0.698028, -18.3704, 0, 47.6077 )

[node name="Graveyard" type="Spatial" parent="."]
__meta__ = {
"_edit_group_": true,
"_edit_lock_": true
}

[node name="Grave" parent="Graveyard" instance=ExtResource( 17 )]
transform = Transform( -0.0542357, -0.0227236, 0.99827, 0, 0.999741, 0.0227571, -0.998528, 0.00123425, -0.0542217, -20.3519, -1.90735e-06, 30.5569 )

[node name="Grave2" parent="Graveyard" instance=ExtResource( 17 )]
transform = Transform( -0.033382, 0, 0.999443, 0, 1, 0, -0.999443, 0, -0.033382, -20.1658, 0.0167341, 23.9845 )

[node name="Grave4" parent="Graveyard" instance=ExtResource( 18 )]
transform = Transform( -0.0595115, 0.00159578, 0.998226, 0.026805, 0.999641, 0, -0.997868, 0.0267575, -0.0595329, -20.0631, 0.104745, 27.4119 )

[node name="Grave5" parent="Graveyard" instance=ExtResource( 18 )]
transform = Transform( 0.111154, -0.00742509, 0.993775, -0.0505652, 0.998635, 0.0131171, -0.992516, -0.0517085, 0.110627, -20.0047, -0.0462336, 20.59 )

[node name="Grave6" parent="Graveyard" instance=ExtResource( 17 )]
transform = Transform( 0.0813644, -0.0226817, 0.996426, 0, 0.999741, 0.0227571, -0.996684, -0.00185162, 0.0813434, -13.3754, -1.90735e-06, 27.1448 )

[node name="Grave7" parent="Graveyard" instance=ExtResource( 17 )]
transform = Transform( -0.0356321, 0, 0.999365, 0, 1, 0, -0.999365, 0, -0.0356321, -13.1774, 0.0167341, 23.9845 )

[node name="Grave9" parent="Graveyard" instance=ExtResource( 18 )]
transform = Transform( -0.0595115, 0.00159578, 0.998226, 0.026805, 0.999641, 0, -0.997868, 0.0267575, -0.0595329, -13.0847, 0.104745, 30.4971 )

[node name="Grave10" parent="Graveyard" instance=ExtResource( 18 )]
transform = Transform( 0.111154, -0.00742509, 0.993775, -0.0505652, 0.998635, 0.0131171, -0.992516, -0.0517085, 0.110627, -13.1321, -0.0462336, 20.59 )

[node name="FenceStraight" parent="Graveyard" instance=ExtResource( 19 )]
transform = Transform( -4.37114e-08, 0, -1, 0, 1, 0, 1, 0, -4.37114e-08, -24.3384, 0.0864053, 19.2241 )

[node name="FenceStraight2" parent="Graveyard" instance=ExtResource( 19 )]
transform = Transform( -4.37114e-08, 0, -1, 0, 1, 0, 1, 0, -4.37114e-08, -8.90109, 0.0864053, 19.2241 )

[node name="FenceStraight4" parent="Graveyard" instance=ExtResource( 19 )]
transform = Transform( -4.37114e-08, 0, -1, 0, 1, 0, 1, 0, -4.37114e-08, -24.3384, 0.0864053, 28.2241 )

[node name="FenceStraight6" parent="Graveyard" instance=ExtResource( 19 )]
transform = Transform( -1, 0, 8.74228e-08, 0, 1, 0, -8.74228e-08, 0, -1, -14.6961, 0.0735464, 33.4618 )

[node name="FenceStraight7" parent="Graveyard" instance=ExtResource( 19 )]
transform = Transform( -1, 0, 8.74228e-08, 0, 1, 0, -8.74228e-08, 0, -1, -20.6816, 0.0727777, 33.4617 )

[node name="FenceStraight9" parent="Graveyard" instance=ExtResource( 19 )]
transform = Transform( -1, 0, 8.74228e-08, 0, 1, 0, -8.74228e-08, 0, -1, -11.6853, 0.0735464, 33.4618 )

[node name="FenceStraight5" parent="Graveyard" instance=ExtResource( 19 )]
transform = Transform( -4.37114e-08, 0, -1, 0, 1, 0, 1, 0, -4.37114e-08, -24.3384, 0.0864053, 31.2241 )

[node name="FenceStraight3" parent="Graveyard" instance=ExtResource( 19 )]
transform = Transform( -4.37114e-08, 0, -1, 0, 1, 0, 1, 0, -4.37114e-08, -24.3384, 0.0864053, 22.2241 )

[node name="FenceCurve" parent="Graveyard" instance=ExtResource( 20 )]
transform = Transform( -0.0376902, 0, 0.999289, 0, 1, 0, -0.999289, 0, -0.0376902, -23.4824, 0.0585638, 33.1686 )

[node name="FenceCurve2" parent="Graveyard" instance=ExtResource( 20 )]
transform = Transform( -0.999289, 0, -0.0376903, 0, 1, 0, 0.0376903, 0, -0.999289, -9.27272, 0.0585638, 32.6217 )

[node name="FenceWithHole" parent="Graveyard" instance=ExtResource( 21 )]
transform = Transform( -4.37114e-08, 0, -1, 0, 1, 0, 1, 0, -4.37114e-08, -24.381, 0.0563895, 25.2135 )

[node name="FenceWithHole2" parent="Graveyard" instance=ExtResource( 21 )]
transform = Transform( 1, 0, 0, 0, 1, 0, 0, 0, 1, -17.8318, 0, 33.6027 )

[node name="FenceWithHole3" parent="Graveyard" instance=ExtResource( 21 )]
transform = Transform( -4.37114e-08, 0, -1, 0, 1, 0, 1, 0, -4.37114e-08, -8.95497, 0.0507754, 29.8583 )

[node name="FenceWithHole4" parent="Graveyard" instance=ExtResource( 21 )]
transform = Transform( -4.37114e-08, 0, -1, 0, 1, 0, 1, 0, -4.37114e-08, -8.93371, 0, 22.1685 )

[node name="FenceBentBack" parent="Graveyard" instance=ExtResource( 22 )]
transform = Transform( -4.37114e-08, 0, -1, 0, 1, 0, 1, 0, -4.37114e-08, -8.98137, 0.00965631, 26.8686 )

[editable path="Player"]
